,Worker ID,Link to Individual Worker Page,Number of HITs approved or rejected - Lifetime,Number of HITs approved - Lifetime,Your Lifetime approval rate,Number of HITs approved or rejected - Last 30 days,Number of HITs approved - Last 30 days,Your Last 30 days approval rate,Number of HITs approved or rejected - Last 7 days,Number of HITs approved - Last 7 days,Your Last 7 days approval rate,CURRENT-took part in a tapseq task,UPDATE-took part in a tapseq task,CURRENT-temp qualification,UPDATE-temp qualification,CURRENT-participated in the past,UPDATE-participated in the past,CURRENT-eligible for testing 1 week birds,UPDATE-eligible for testing 1 week birds,CURRENT-eligible for next step memory rep,UPDATE-eligible for next step memory rep,CURRENT-eligible for memory testing 1 week,UPDATE-eligible for memory testing 1 week,CURRENT-completed working memory test,UPDATE-completed working memory test,CURRENT-completed multicategory memory test,UPDATE-completed multicategory memory test,CURRENT-completed memory rep,UPDATE-completed memory rep,CURRENT-completed memory encoding 24h,UPDATE-completed memory encoding 24h,CURRENT-completed encoding successfully ,UPDATE-completed encoding successfully ,CURRENT-completed encoding multicategory memory test,UPDATE-completed encoding multicategory memory test,CURRENT-completed day5,UPDATE-completed day5,CURRENT-completed day4,UPDATE-completed day4,CURRENT-completed day3,UPDATE-completed day3,CURRENT-completed day2,UPDATE-completed day2,CURRENT-completed day1,UPDATE-completed day1,CURRENT-completed birds memory rep,UPDATE-completed birds memory rep,CURRENT-Completed My Experiment Already,UPDATE-Completed My Experiment Already,CURRENT BlockStatus,UPDATE BlockStatus,BlockReason
0,A002160837SWJFPIAI7L7,https://gamma-requester.mturk.com/workers/A002160837SWJFPIAI7L7,2,2,100.00%,0,0,0.00%,0,0,0.00%,1,,,,,,,,,,,,,,,,100,,,,,,,,0,,0,,,,,,,,,,1,,Never Blocked,,
1,A074332538R4YYDPXNF01,https://gamma-requester.mturk.com/workers/A074332538R4YYDPXNF01,1,1,100.00%,0,0,0.00%,0,0,0.00%,1,,,,,,,,,,,,,,,,100,,,,,,,,0,,0,,,,,,,,,,,,Never Blocked,,
2,A102RSV009OCUW,https://gamma-requester.mturk.com/workers/A102RSV009OCUW,1,1,100.00%,0,0,0.00%,0,0,0.00%,,,,,,,,,,,,,,,,,,,,,,,,,,,,,,,,,,,,,,,Never Blocked,,
3,A104V8NZIQFN2F,https://gamma-requester.mturk.com/workers/A104V8NZIQFN2F,5,5,100.00%,0,0,0.00%,0,0,0.00%,1,,,,,,,,,,,,,,,,100,,,,,,,,1,,1,,1,,1,,1,,,,,,Never Blocked,,
4,A105M4JOZSR7E6,https://gamma-requester.mturk.com/workers/A105M4JOZSR7E6,2,2,100.00%,0,0,0.00%,0,0,0.00%,,,,,,,,,,,,,,,1,,,,,,,,1,,,,,,,,,,,,,,,,Never Blocked,,
5,A106MX66IVHW6T,https://gamma-requester.mturk.com/workers/A106MX66IVHW6T,1,1,100.00%,0,0,0.00%,0,0,0.00%,1,,,,,,,,,,,,,,,,100,,,,,,,,0,,0,,,,,,,,,,1,,Never Blocked,,
6,A10A0U6O423KB4,https://gamma-requester.mturk.com/workers/A10A0U6O423KB4,1,1,100.00%,0,0,0.00%,0,0,0.00%,1,,,,,,,,,,,,,,,,100,,,,,,,,0,,0,,,,,,0,,,,,,Never Blocked,,
7,A10A7EZUXBD0II,https://gamma-requester.mturk.com/workers/A10A7EZUXBD0II,2,2,100.00%,0,0,0.00%,0,0,0.00%,,,,,,,,,,,1,,,1,,,1,,,,,,,,,,,,,,,,,,,,,,Never Blocked,,
8,A10AKR84P1WXHL,https://gamma-requester.mturk.com/workers/A10AKR84P1WXHL,2,2,100.00%,0,0,0.00%,0,0,0.00%,,,,,,,,,1,,,,,,,,1,,,,,,,,,,,,,,,,,,,,,,Never Blocked,,
9,A10AVWALIHR4UQ,https://gamma-requester.mturk.com/workers/A10AVWALIHR4UQ,1,1,100.00%,0,0,0.00%,0,0,0.00%,1,,,,,,,,,,,,,,,,100,,,,,,,,0,,0,,,,,,,,,,1,,Never Blocked,,
10,A10BM9M5Q8J6K0,https://gamma-requester.mturk.com/workers/A10BM9M5Q8J6K0,4,4,100.00%,0,0,0.00%,0,0,0.00%,1,,,,,,,,,,,,,,,,100,,,,,,,,0,,1,,1,,1,,1,,,,,,Never Blocked,,
11,A10FSZLB75VZ14,https://gamma-requester.mturk.com/workers/A10FSZLB75VZ14,1,1,100.00%,0,0,0.00%,0,0,0.00%,,,,,,,,,,,,,,,,,100,,,,,,,,,,,,,,,,,,,,,,Never Blocked,,
12,A10G580H9CWW3V,https://gamma-requester.mturk.com/workers/A10G580H9CWW3V,1,1,100.00%,0,0,0.00%,0,0,0.00%,,,,,,,,,,,,,,,1,,,,,,,,1,,,,,,,,,,,,,,,,Never Blocked,,
13,A10HW8JXM17XLD,https://gamma-requester.mturk.com/workers/A10HW8JXM17XLD,7,7,100.00%,0,0,0.00%,0,0,0.00%,1,,,,,,,,,,,,,1,1,,100,,,,,,1,,1,,1,,1,,1,,1,,,,,,Never Blocked,,
14,A10IUXCZBNYUXC,https://gamma-requester.mturk.com/workers/A10IUXCZBNYUXC,1,1,100.00%,0,0,0.00%,0,0,0.00%,1,,,,,,,,,,,,,,,,100,,,,,,,,0,,0,,,,,,,,,,1,,Never Blocked,,
15,A10JXOU89D5RXR,https://gamma-requester.mturk.com/workers/A10JXOU89D5RXR,4,4,100.00%,0,0,0.00%,0,0,0.00%,1,,,,,,,,,,,,,1,,,100,,,,1,,,,0,,0,,,,,,,,,,1,,Never Blocked,,
16,A10LHWALI4BZPC,https://gamma-requester.mturk.com/workers/A10LHWALI4BZPC,1,1,100.00%,0,0,0.00%,0,0,0.00%,1,,,,,,,,,,,,,,,,100,,,,,,,,0,,0,,,,,,1,,,,,,Never Blocked,,
17,A10MJBFPM87WY,https://gamma-requester.mturk.com/workers/A10MJBFPM87WY,2,1,50.00%,0,0,0.00%,0,0,0.00%,,,,,,,,,,,1,,,,,,1,,,,,,,,,,,,,,,,,,,,,,Never Blocked,,
18,A10T0161B70BXP,https://gamma-requester.mturk.com/workers/A10T0161B70BXP,1,1,100.00%,0,0,0.00%,0,0,0.00%,1,,,,,,,,,,,,,,,,100,,,,,,,,0,,0,,,,,,,,,,1,,Never Blocked,,
19,A10TTRTJKYVB0Q,https://gamma-requester.mturk.com/workers/A10TTRTJKYVB0Q,1,1,100.00%,0,0,0.00%,0,0,0.00%,1,,,,,,,,,,,,,,,,100,,,,,,,,0,,0,,,,,,,,,,1,,Never Blocked,,
20,A10UKI982NFRGM,https://gamma-requester.mturk.com/workers/A10UKI982NFRGM,1,1,100.00%,0,0,0.00%,0,0,0.00%,1,,,,,,,,,,,,,,,,100,,,,,,,,0,,0,,,,,,,,,,1,,Never Blocked,,
21,A10XFCECSD87YG,https://gamma-requester.mturk.com/workers/A10XFCECSD87YG,3,3,100.00%,0,0,0.00%,0,0,0.00%,1,,,,,,,,,,,,,,,,100,,,,,,,,0,,0,,,,1,,1,,,,,,Never Blocked,,
22,A10YV3PH9V9KQP,https://gamma-requester.mturk.com/workers/A10YV3PH9V9KQP,2,2,100.00%,0,0,0.00%,0,0,0.00%,,,,,,,,,,,,,,,,,,,,,1,,,,,,,,,,,,,,,,,,Never Blocked,,
23,A10ZJQC7W1QHIO,https://gamma-requester.mturk.com/workers/A10ZJQC7W1QHIO,1,1,100.00%,0,0,0.00%,0,0,0.00%,1,,,,,,,,,,,,,,,,100,,,,,,,,0,,0,,,,,,,,,,1,,Never Blocked,,
24,A110BZSDZN7E16,https://gamma-requester.mturk.com/workers/A110BZSDZN7E16,1,1,100.00%,0,0,0.00%,0,0,0.00%,1,,,,,,,,,,,,,,,,100,,,,,,,,0,,0,,,,,,,,,,,,Never Blocked,,
25,A110KENBXU7SUJ,https://gamma-requester.mturk.com/workers/A110KENBXU7SUJ,2,2,100.00%,0,0,0.00%,0,0,0.00%,,,,,,,,,,,,,,,,,,,,,1,,,,,,,,,,,,,,,,,,Never Blocked,,
26,A1122EUMFXHF38,https://gamma-requester.mturk.com/workers/A1122EUMFXHF38,2,2,100.00%,0,0,0.00%,0,0,0.00%,,,,,,,1,,,,,,,,,,,,,,,,,,,,,,,,,,,,,,,,Never Blocked,,
27,A1143GKN5T807X,https://gamma-requester.mturk.com/workers/A1143GKN5T807X,1,1,100.00%,0,0,0.00%,0,0,0.00%,1,,,,,,,,,,,,,,,,100,,,,,,,,0,,0,,,,,,1,,,,,,Never Blocked,,
28,A1160COTUR26JZ,https://gamma-requester.mturk.com/workers/A1160COTUR26JZ,1,1,100.00%,0,0,0.00%,0,0,0.00%,1,,,,,,,,,,,,,,,,100,,,,,,,,0,,0,,,,,,1,,,,,,Never Blocked,,
29,A11BAIN13IGWCW,https://gamma-requester.mturk.com/workers/A11BAIN13IGWCW,1,1,100.00%,0,0,0.00%,0,0,0.00%,,,,,,,,,,,,,,,,,1,,,,,,,,,,,,,,,,,,,,,,Never Blocked,,
30,A11BJE0D8B71FL,https://gamma-requester.mturk.com/workers/A11BJE0D8B71FL,1,0,0.00%,0,0,0.00%,0,0,0.00%,,,,,,,,,,,,,,,,,1,,,,,,,,,,,,,,,,,,,,,,Never Blocked,,
31,A11BQAB549UAEG,https://gamma-requester.mturk.com/workers/A11BQAB549UAEG,2,2,100.00%,0,0,0.00%,0,0,0.00%,,,,,,,,,,,,,,,,,,,,,1,,,,,,,,,,,,,,,,,,Never Blocked,,
32,A11CY37O9P73HW,https://gamma-requester.mturk.com/workers/A11CY37O9P73HW,1,1,100.00%,0,0,0.00%,0,0,0.00%,1,,,,,,,,,,,,,,,,100,,,,,,,,0,,0,,,,,,,,,,,,Never Blocked,,
33,A11ED29FYJKV2E,https://gamma-requester.mturk.com/workers/A11ED29FYJKV2E,2,2,100.00%,0,0,0.00%,0,0,0.00%,1,,,,,,,,,,,,,,,,100,,,,,,,,0,,0,,,,1,,1,,,,,,Never Blocked,,
34,A11EXIB1MVBZFJ,https://gamma-requester.mturk.com/workers/A11EXIB1MVBZFJ,2,2,100.00%,0,0,0.00%,0,0,0.00%,,,,,,,,,1,,,,,,,,1,,,,,,,,,,,,,,,,,,,,,,Never Blocked,,
35,A11F3MA5FWH6SJ,https://gamma-requester.mturk.com/workers/A11F3MA5FWH6SJ,3,3,100.00%,0,0,0.00%,0,0,0.00%,,,,,,,,,1,,,,,,,,1,,,,1,,,,,,,,,,,,,,1,,,,Never Blocked,,
36,A11FFJZ0C984W4,https://gamma-requester.mturk.com/workers/A11FFJZ0C984W4,1,1,100.00%,0,0,0.00%,0,0,0.00%,1,,,,,,,,,,,,,,,,100,,,,,,,,0,,0,,,,,,,,,,,,Never Blocked,,
37,A11J9UQ036KJA1,https://gamma-requester.mturk.com/workers/A11J9UQ036KJA1,1,1,100.00%,0,0,0.00%,0,0,0.00%,,,,,,,,,,,,,,,,,,,,,1,,,,,,,,,,,,,,1,,,,Never Blocked,,
38,A11KJXGGUJ15QL,https://gamma-requester.mturk.com/workers/A11KJXGGUJ15QL,1,1,100.00%,0,0,0.00%,0,0,0.00%,,,,,,,1,,,,,,,,,,,,,,,,,,,,,,,,,,,,1,,,,Never Blocked,,
39,A11MOA9HW11EP1,https://gamma-requester.mturk.com/workers/A11MOA9HW11EP1,3,3,100.00%,1,1,100.00%,0,0,0.00%,,,,,,,,,,,1,,1,,,,1,,,,,,,,,,,,,,,,,,,,,,Never Blocked,,
40,A11N3TM268LQ12,https://gamma-requester.mturk.com/workers/A11N3TM268LQ12,0,0,0.00%,0,0,0.00%,0,0,0.00%,,,,,,,,,,,,,,1,,,,,,,,,,,,,,,,,,,,,,,,,Never Blocked,,
41,A11OGIKK5UL6QP,https://gamma-requester.mturk.com/workers/A11OGIKK5UL6QP,3,3,100.00%,0,0,0.00%,0,0,0.00%,1,,,,,,,,,,,,,,,,100,,,,,,,,0,,0,,1,,1,,1,,,,,,Never Blocked,,
42,A11R31H4YHL2Z7,https://gamma-requester.mturk.com/workers/A11R31H4YHL2Z7,1,1,100.00%,0,0,0.00%,0,0,0.00%,1,,,,,,,,,,,,,,,,100,,,,,,,,0,,0,,,,,,,,,,1,,Never Blocked,,
43,A11S8IAAVDXCUS,https://gamma-requester.mturk.com/workers/A11S8IAAVDXCUS,1,1,100.00%,0,0,0.00%,0,0,0.00%,1,,,,,,,,,,,,,,,,100,,,,,,,,0,,0,,,,,,,,,,1,,Never Blocked,,
44,A11SQNQMS0S5WQ,https://gamma-requester.mturk.com/workers/A11SQNQMS0S5WQ,1,1,100.00%,0,0,0.00%,0,0,0.00%,,,,,,,,,,,,,,,,,,,,,,,,,,,,,,,,,,,,,,,Never Blocked,,
45,A11TPUPFP2S4MK,https://gamma-requester.mturk.com/workers/A11TPUPFP2S4MK,1,1,100.00%,0,0,0.00%,0,0,0.00%,1,,,,,,,,,,,,,,,,100,,,,,,,,0,,0,,,,,,,,,,1,,Never Blocked,,
46,A11VIIKMLHTBRG,https://gamma-requester.mturk.com/workers/A11VIIKMLHTBRG,1,1,100.00%,0,0,0.00%,0,0,0.00%,1,,,,,,,,,,,,,,,,100,,,,,,,,0,,0,,,,,,,,,,,,Never Blocked,,
47,A11W7YCD50IGHD,https://gamma-requester.mturk.com/workers/A11W7YCD50IGHD,1,1,100.00%,0,0,0.00%,0,0,0.00%,,,,,,,,,,,,,,,,,,,,,,,,,,,,,,,,,,,,,,,Never Blocked,,
48,A11YJE9ACM2FJC,https://gamma-requester.mturk.com/workers/A11YJE9ACM2FJC,1,1,100.00%,0,0,0.00%,0,0,0.00%,1,,,,,,,,,,,,,,,,100,,,,,,,,0,,0,,,,,,,,,,,,Never Blocked,,
49,A122LRCSBAD6DC,https://gamma-requester.mturk.com/workers/A122LRCSBAD6DC,1,1,100.00%,0,0,0.00%,0,0,0.00%,1,,,,,,,,,,,,,,,,100,,,,,,,,0,,0,,,,,,,,,,1,,Never Blocked,,
50,A1241KHV9VEGC4,https://gamma-requester.mturk.com/workers/A1241KHV9VEGC4,1,1,100.00%,0,0,0.00%,0,0,0.00%,1,,,,,,,,,,,,,,,,100,,,,,,,,0,,0,,,,,,,,,,1,,Never Blocked,,
51,A124AKGRZFQ8N9,https://gamma-requester.mturk.com/workers/A124AKGRZFQ8N9,1,1,100.00%,0,0,0.00%,0,0,0.00%,,,,,,,,,,,,,,,,,1,,,,,,,,,,,,,,,,,,,,,,Never Blocked,,
52,A129Y082RKJN6V,https://gamma-requester.mturk.com/workers/A129Y082RKJN6V,1,0,0.00%,0,0,0.00%,0,0,0.00%,,,,,,,,,,,,,,,,,1,,,,,,,,,,,,,,,,,,,,,,Never Blocked,,
53,A12ABIEIB85R9U,https://gamma-requester.mturk.com/workers/A12ABIEIB85R9U,1,1,100.00%,1,1,100.00%,0,0,0.00%,,,,,,,,,,,,,1,,,,,,,,,,,,,,,,,,,,,,,,,,Never Blocked,,
54,A12B9W69X0BQBF,https://gamma-requester.mturk.com/workers/A12B9W69X0BQBF,1,1,100.00%,0,0,0.00%,0,0,0.00%,,,,,,,,,,,,,,,1,,,,,,,,,,,,,,,,,,,,,,,,Never Blocked,,
55,A12FWSJX9VPHAN,https://gamma-requester.mturk.com/workers/A12FWSJX9VPHAN,1,1,100.00%,0,0,0.00%,0,0,0.00%,1,,,,,,,,,,,,,,,,100,,,,,,,,0,,0,,,,,,,,,,1,,Never Blocked,,
56,A12H7ZIWLHCRRF,https://gamma-requester.mturk.com/workers/A12H7ZIWLHCRRF,1,1,100.00%,0,0,0.00%,0,0,0.00%,1,,,,,,,,,,,,,,,,100,,,,,,,,0,,0,,,,,,,,,,1,,Never Blocked,,
57,A12J4IRF5Z06BT,https://gamma-requester.mturk.com/workers/A12J4IRF5Z06BT,1,1,100.00%,0,0,0.00%,0,0,0.00%,1,,,,,,,,,,,,,,,,100,,,,,,,,0,,0,,,,,,,,,,1,,Never Blocked,,
58,A12K1ADYMRSWMJ,https://gamma-requester.mturk.com/workers/A12K1ADYMRSWMJ,1,1,100.00%,0,0,0.00%,0,0,0.00%,,,,,,,,,,,,,,,,,1,,,,,,,,,,,,,,,,,,,,,,Never Blocked,,
59,A12KEVAHN5P4WU,https://gamma-requester.mturk.com/workers/A12KEVAHN5P4WU,2,2,100.00%,0,0,0.00%,0,0,0.00%,,,,,,,,,,,,,,,,,1,,,,,,,,,,,,,,,,,,,,,,Never Blocked,,
60,A12NBGVI9QN3DQ,https://gamma-requester.mturk.com/workers/A12NBGVI9QN3DQ,1,1,100.00%,0,0,0.00%,0,0,0.00%,,,,,,,,,,,,,,,,,100,,,,,,,,,,,,,,,,,,,,,,Never Blocked,,
61,A12NDIK7C4TFPC,https://gamma-requester.mturk.com/workers/A12NDIK7C4TFPC,3,2,66.67%,1,1,100.00%,0,0,0.00%,,,,,,,,,,,,,1,,1,,100,,,,,,,,,,,,,,,,,,,,,,Never Blocked,,
62,A12NT768CR36E5,https://gamma-requester.mturk.com/workers/A12NT768CR36E5,1,1,100.00%,0,0,0.00%,0,0,0.00%,,,,,,,,,,,,,,,,,100,,,,,,,,,,,,,,,,,,,,,,Never Blocked,,
63,A12O0RRD0YT6AD,https://gamma-requester.mturk.com/workers/A12O0RRD0YT6AD,2,2,100.00%,0,0,0.00%,0,0,0.00%,,,,,,,1,,,,,,,,,,,,,,,,,,,,,,,,,,,,1,,,,Never Blocked,,
64,A12PUQIBXRBOXV,https://gamma-requester.mturk.com/workers/A12PUQIBXRBOXV,1,1,100.00%,0,0,0.00%,0,0,0.00%,1,,,,,,,,,,,,,,,,100,,,,,,,,0,,0,,,,,,,,,,,,Never Blocked,,
65,A12T6G6Z9SE5FY,https://gamma-requester.mturk.com/workers/A12T6G6Z9SE5FY,1,1,100.00%,0,0,0.00%,0,0,0.00%,,,,,,,,,,,,,,,,,,,,,,,,,,,,,,,,,,,,,,,Never Blocked,,
66,A12TWJFR4B22X4,https://gamma-requester.mturk.com/workers/A12TWJFR4B22X4,2,1,50.00%,0,0,0.00%,0,0,0.00%,,,,,,,,,,,1,,,,,,1,,,,,,,,,,,,,,,,,,,,,,Never Blocked,,
67,A12TZ1W76AGOF9,https://gamma-requester.mturk.com/workers/A12TZ1W76AGOF9,1,1,100.00%,0,0,0.00%,0,0,0.00%,1,,,,,,,,,,,,,,,,100,,,,,,,,0,,0,,,,,,1,,,,,,Never Blocked,,
68,A12UOIO3KBRF7M,https://gamma-requester.mturk.com/workers/A12UOIO3KBRF7M,3,3,100.00%,0,0,0.00%,0,0,0.00%,1,,,,,,,,,,,,,,,,100,,,,,,,,0,,0,,1,,1,,1,,,,,,Never Blocked,,
69,A12VDN3TJJCAQQ,https://gamma-requester.mturk.com/workers/A12VDN3TJJCAQQ,1,1,100.00%,0,0,0.00%,0,0,0.00%,1,,,,,,,,,,,,,,,,100,,,,,,,,0,,0,,,,,,,,,,1,,Never Blocked,,
70,A12X8RUSITV7RU,https://gamma-requester.mturk.com/workers/A12X8RUSITV7RU,1,1,100.00%,0,0,0.00%,0,0,0.00%,1,,,,,,,,,,,,,,,,100,,,,,,,,0,,0,,,,,,,,,,1,,Never Blocked,,
71,A12YK5TFLVVM0K,https://gamma-requester.mturk.com/workers/A12YK5TFLVVM0K,1,1,100.00%,0,0,0.00%,0,0,0.00%,,,,,,,,,,,,,,,1,,,,,,,,,,,,,,,,,,,,,,,,Never Blocked,,
72,A13221ERGSNSP2,https://gamma-requester.mturk.com/workers/A13221ERGSNSP2,1,1,100.00%,0,0,0.00%,0,0,0.00%,,,,,,,,,,,,,,,1,,,,,,,,,,,,,,,,,,,,,,,,Never Blocked,,
73,A134K8O4EOZ45W,https://gamma-requester.mturk.com/workers/A134K8O4EOZ45W,1,1,100.00%,0,0,0.00%,0,0,0.00%,1,,,,,,,,,,,,,,,,100,,,,,,,,0,,0,,,,,,1,,,,,,Never Blocked,,
74,A136K4YZY2OFTV,https://gamma-requester.mturk.com/workers/A136K4YZY2OFTV,2,2,100.00%,0,0,0.00%,0,0,0.00%,,,,,,,,,,,1,,,,,,1,,,,,,,,,,,,,,,,,,,,,,Never Blocked,,
75,A137V1J5GNNZTH,https://gamma-requester.mturk.com/workers/A137V1J5GNNZTH,1,1,100.00%,0,0,0.00%,0,0,0.00%,,,,,,,,,,,,,,,,,1,,,,,,,,,,,,,,,,,,,,,,Never Blocked,,
76,A13B52O6OQBPO,https://gamma-requester.mturk.com/workers/A13B52O6OQBPO,1,1,100.00%,0,0,0.00%,0,0,0.00%,1,,,,,,,,,,,,,,,,100,,,,,,,,0,,0,,,,,,,,,,1,,Never Blocked,,
77,A13CAAOJ5GP4UQ,https://gamma-requester.mturk.com/workers/A13CAAOJ5GP4UQ,1,1,100.00%,0,0,0.00%,0,0,0.00%,1,,,,,,,,,,,,,,,,100,,,,,,,,0,,0,,,,,,,,,,,,Never Blocked,,
78,A13CXQGLSH6QY8,https://gamma-requester.mturk.com/workers/A13CXQGLSH6QY8,1,1,100.00%,0,0,0.00%,0,0,0.00%,1,,,,,,,,,,,,,,,,100,,,,,,,,0,,0,,,,,,1,,,,,,Never Blocked,,
79,A13DHPKBQXN9R7,https://gamma-requester.mturk.com/workers/A13DHPKBQXN9R7,5,5,100.00%,0,0,0.00%,0,0,0.00%,1,,,,,,,,,,,,,,,,100,,,,,,,,0,,1,,1,,1,,1,,,,,,Never Blocked,,
80,A13FUEPWBCLBUY,https://gamma-requester.mturk.com/workers/A13FUEPWBCLBUY,1,1,100.00%,0,0,0.00%,0,0,0.00%,1,,,,,,,,,,,,,,,,100,,,,,,,,0,,0,,,,,,,,,,,,Never Blocked,,
81,A13G7ES1XTH5YG,https://gamma-requester.mturk.com/workers/A13G7ES1XTH5YG,4,4,100.00%,0,0,0.00%,0,0,0.00%,1,,,,,,,,,,,,,,,,100,,,,,,,,0,,0,,1,,1,,1,,,,,,Never Blocked,,
82,A13G9JEAEZQPUG,https://gamma-requester.mturk.com/workers/A13G9JEAEZQPUG,1,1,100.00%,0,0,0.00%,0,0,0.00%,1,,,,,,,,,,,,,,,,100,,,,,,,,0,,0,,,,,,,,,,,,Never Blocked,,
83,A13H9NI9SOJ868,https://gamma-requester.mturk.com/workers/A13H9NI9SOJ868,1,1,100.00%,0,0,0.00%,0,0,0.00%,,,,,,,,,,,,,,,,,1,,,,,,,,,,,,,,,,,,,,,,Never Blocked,,
84,A13JTA4FWDNNC7,https://gamma-requester.mturk.com/workers/A13JTA4FWDNNC7,1,1,100.00%,0,0,0.00%,0,0,0.00%,,,,,,,,,,,1,,,,,,1,,,,,,,,,,,,,,,,,,,,,,Never Blocked,,
85,A13OVBVPYV74T4,https://gamma-requester.mturk.com/workers/A13OVBVPYV74T4,1,1,100.00%,0,0,0.00%,0,0,0.00%,1,,,,,,,,,,,,,,,,100,,,,,,,,0,,0,,,,,,,,,,,,Never Blocked,,
86,A13RO1VQ1RMALX,https://gamma-requester.mturk.com/workers/A13RO1VQ1RMALX,1,1,100.00%,0,0,0.00%,0,0,0.00%,,,,,,,,,,,,,,,1,,,,,,,,,,,,,,,,,,,,,,,,Never Blocked,,
87,A13UMY3NL33676,https://gamma-requester.mturk.com/workers/A13UMY3NL33676,1,1,100.00%,0,0,0.00%,0,0,0.00%,1,,,,,,,,,,,,,,,,100,,,,,,,,0,,0,,,,,,1,,,,,,Never Blocked,,
88,A13WTEQ06V3B6D,https://gamma-requester.mturk.com/workers/A13WTEQ06V3B6D,2,2,100.00%,0,0,0.00%,0,0,0.00%,1,,,,,,,,,,,,,,,,100,,,,,,,,0,,0,,,,,,,,,,1,,Never Blocked,,
89,A13Y5SUT236JE4,https://gamma-requester.mturk.com/workers/A13Y5SUT236JE4,1,1,100.00%,0,0,0.00%,0,0,0.00%,1,,,,,,,,,,,,,,,,100,,,,,,,,0,,0,,,,,,1,,,,,,Never Blocked,,
90,A13YC8K3I7R52B,https://gamma-requester.mturk.com/workers/A13YC8K3I7R52B,1,1,100.00%,0,0,0.00%,0,0,0.00%,,,,,,,,,,,,,,,,,,,,,,,,,,,,,,,,,,,,,,,Never Blocked,,
91,A13Z2ERE65VKFW,https://gamma-requester.mturk.com/workers/A13Z2ERE65VKFW,1,1,100.00%,0,0,0.00%,0,0,0.00%,1,,,,,,,,,,,,,,,,100,,,,,,,,0,,0,,,,,,1,,,,,,Never Blocked,,
92,A140CEAA0194YY,https://gamma-requester.mturk.com/workers/A140CEAA0194YY,1,1,100.00%,0,0,0.00%,0,0,0.00%,,,,,,,,,,,,,,,,,,,,,,,,,,,,,,,,,,,,,,,Never Blocked,,
93,A141BEGMEHN31L,https://gamma-requester.mturk.com/workers/A141BEGMEHN31L,1,1,100.00%,0,0,0.00%,0,0,0.00%,,,,,,,,,,,,,,,,,1,,,,,,,,,,,,,,,,,,,,,,Never Blocked,,
94,A141JL6MLG3O45,https://gamma-requester.mturk.com/workers/A141JL6MLG3O45,1,1,100.00%,1,1,100.00%,0,0,0.00%,,,,,,,,,,,,,1,,,,,,,,,,,,,,,,,,,,,,,,,,Never Blocked,,
95,A142FFFX25RI2B,https://gamma-requester.mturk.com/workers/A142FFFX25RI2B,1,1,100.00%,0,0,0.00%,0,0,0.00%,,,,,,,,,,,,,,,1,,1,,,,,,,,,,,,,,,,,,,,,,Never Blocked,,
96,A143XRCI1YXAFE,https://gamma-requester.mturk.com/workers/A143XRCI1YXAFE,1,1,100.00%,0,0,0.00%,0,0,0.00%,1,,,,,,,,,,,,,,,,100,,,,,,,,0,,0,,,,,,,,,,1,,Never Blocked,,
97,A144OK7GGOQZKS,https://gamma-requester.mturk.com/workers/A144OK7GGOQZKS,1,1,100.00%,0,0,0.00%,0,0,0.00%,1,,,,,,,,,,,,,,,,100,,,,,,,,0,,0,,,,,,1,,,,,,Never Blocked,,
98,A146QN6EU8LAEI,https://gamma-requester.mturk.com/workers/A146QN6EU8LAEI,3,3,100.00%,1,1,100.00%,0,0,0.00%,,,,,,,,,,,,,1,,,,,,,,1,,,,,,,,,,,,,,,,,,Never Blocked,,
99,A147VU5FL0JL70,https://gamma-requester.mturk.com/workers/A147VU5FL0JL70,1,1,100.00%,0,0,0.00%,0,0,0.00%,1,,,,,,,,,,,,,,,,100,,,,,,,,0,,0,,,,,,,,,,1,,Never Blocked,,
100,A149YZJBFRDWBJ,https://gamma-requester.mturk.com/workers/A149YZJBFRDWBJ,1,1,100.00%,0,0,0.00%,0,0,0.00%,,,,,,,,,1,,,,,,,,1,,,,,,,,,,,,,,,,,,,,,,Never Blocked,,
101,A14E1BJEBDKBPF,https://gamma-requester.mturk.com/workers/A14E1BJEBDKBPF,5,5,100.00%,0,0,0.00%,0,0,0.00%,1,,,,,,,,,,,,,,,,100,,,,,,,,1,,1,,1,,1,,1,,,,,,Never Blocked,,
102,A14EYTLSMJRPUK,https://gamma-requester.mturk.com/workers/A14EYTLSMJRPUK,1,1,100.00%,0,0,0.00%,0,0,0.00%,1,,,,,,,,,,,,,,,,100,,,,,,,,0,,0,,,,,,,,,,1,,Never Blocked,,
103,A14LC364ZHJ5R1,https://gamma-requester.mturk.com/workers/A14LC364ZHJ5R1,3,3,100.00%,0,0,0.00%,0,0,0.00%,1,,,,,,,,,,,,,,,,100,,,,,,,,0,,0,,1,,1,,1,,,,,,Never Blocked,,
104,A14LXHJAWRQWR6,https://gamma-requester.mturk.com/workers/A14LXHJAWRQWR6,1,1,100.00%,0,0,0.00%,0,0,0.00%,1,,,,,,,,,,,,,,,,100,,,,,,,,0,,0,,,,,,,,,,,,Never Blocked,,
105,A14NOAW77PC1ZN,https://gamma-requester.mturk.com/workers/A14NOAW77PC1ZN,0,0,0.00%,0,0,0.00%,0,0,0.00%,,,,,,,,,,,,,,1,,,,,,,,,,,,,,,,,,,,,,,,,Never Blocked,,
106,A14OQ52EFQAN2W,https://gamma-requester.mturk.com/workers/A14OQ52EFQAN2W,2,2,100.00%,0,0,0.00%,0,0,0.00%,,,,,,,,,1,,,,,,,,1,,,,,,,,,,,,,,,,,,,,,,Never Blocked,,
107,A14SMQS3N1QWGG,https://gamma-requester.mturk.com/workers/A14SMQS3N1QWGG,1,1,100.00%,0,0,0.00%,0,0,0.00%,1,,,,,,,,,,,,,,,,100,,,,,,,,0,,0,,,,,,1,,,,,,Never Blocked,,
108,A14WLAP6TCEKO0,https://gamma-requester.mturk.com/workers/A14WLAP6TCEKO0,1,1,100.00%,0,0,0.00%,0,0,0.00%,1,,,,,,,,,,,,,,,,100,,,,,,,,0,,0,,,,,,,,,,1,,Never Blocked,,
109,A14XK2ZCR1E8FD,https://gamma-requester.mturk.com/workers/A14XK2ZCR1E8FD,2,2,100.00%,0,0,0.00%,0,0,0.00%,1,,,,,,,,,,,,,,,,100,,,,,,,,0,,0,,,,,,,,,,,,Never Blocked,,
110,A14XLNPSMH6CIA,https://gamma-requester.mturk.com/workers/A14XLNPSMH6CIA,1,1,100.00%,0,0,0.00%,0,0,0.00%,1,,,,,,,,,,,,,,,,100,,,,,,,,0,,0,,,,,,,,,,,,Never Blocked,,
111,A14XSJMGQGOV6R,https://gamma-requester.mturk.com/workers/A14XSJMGQGOV6R,1,1,100.00%,0,0,0.00%,0,0,0.00%,,,,,,,,,1,,,,,,,,1,,,,,,,,,,,,,,,,,,,,,,Never Blocked,,
112,A14YBHS8YBLDAG,https://gamma-requester.mturk.com/workers/A14YBHS8YBLDAG,1,1,100.00%,0,0,0.00%,0,0,0.00%,1,,,,,,,,,,,,,,,,100,,,,,,,,0,,0,,,,,,,,,,,,Never Blocked,,
113,A14Z5016RN01XM,https://gamma-requester.mturk.com/workers/A14Z5016RN01XM,1,1,100.00%,0,0,0.00%,0,0,0.00%,1,,,,,,,,,,,,,,,,100,,,,,,,,0,,0,,,,,,,,,,1,,Never Blocked,,
114,A14ZFK4M24LEE2,https://gamma-requester.mturk.com/workers/A14ZFK4M24LEE2,1,1,100.00%,0,0,0.00%,0,0,0.00%,1,,,,,,,,,,,,,,,,100,,,,,,,,0,,0,,,,,,,,,,,,Never Blocked,,
115,A1505ZMMJAAZE1,https://gamma-requester.mturk.com/workers/A1505ZMMJAAZE1,3,3,100.00%,0,0,0.00%,0,0,0.00%,1,,,,,,,,,,,,,,,,100,,,,,,,,0,,0,,1,,1,,1,,,,,,Never Blocked,,
116,A150GMV1YQWWB3,https://gamma-requester.mturk.com/workers/A150GMV1YQWWB3,1,1,100.00%,0,0,0.00%,0,0,0.00%,1,,,,,,,,,,,,,,,,100,,,,,,,,0,,0,,,,,,,,,,1,,Never Blocked,,
117,A151XA53WYXVD7,https://gamma-requester.mturk.com/workers/A151XA53WYXVD7,2,2,100.00%,0,0,0.00%,0,0,0.00%,,,,,,,,,,,,,,,1,,,,,,,,1,,,,,,,,,,,,,,,,Never Blocked,,
118,A15340BRCER2UO,https://gamma-requester.mturk.com/workers/A15340BRCER2UO,1,1,100.00%,0,0,0.00%,0,0,0.00%,1,,,,,,,,,,,,,,,,100,,,,,,,,0,,0,,,,,,,,,,,,Never Blocked,,
119,A153HLAVH5FILS,https://gamma-requester.mturk.com/workers/A153HLAVH5FILS,1,1,100.00%,0,0,0.00%,0,0,0.00%,1,,,,,,,,,,,,,,,,100,,,,,,,,0,,0,,,,,,,,,,1,,Never Blocked,,
120,A154UU4I2EW2L4,https://gamma-requester.mturk.com/workers/A154UU4I2EW2L4,1,1,100.00%,0,0,0.00%,0,0,0.00%,,,,,,,,,,,,,,,,,1,,,,,,,,,,,,,,,,,,,,,,Never Blocked,,
121,A1561P9VVA3C1C,https://gamma-requester.mturk.com/workers/A1561P9VVA3C1C,1,1,100.00%,0,0,0.00%,0,0,0.00%,1,,,,,,,,,,,,,,,,100,,,,,,,,0,,0,,,,,,,,,,1,,Never Blocked,,
122,A157L6Z8QU3SDE,https://gamma-requester.mturk.com/workers/A157L6Z8QU3SDE,1,1,100.00%,0,0,0.00%,0,0,0.00%,1,,,,,,,,,,,,,,,,100,,,,,,,,0,,0,,,,,,,,,,1,,Never Blocked,,
123,A15B4KZ3S04HS8,https://gamma-requester.mturk.com/workers/A15B4KZ3S04HS8,2,2,100.00%,0,0,0.00%,0,0,0.00%,,,,,,,,,1,,,,,,,,1,,,,,,,,,,,,,,,,,,,,,,Never Blocked,,
124,A15CQ19I1V6V0J,https://gamma-requester.mturk.com/workers/A15CQ19I1V6V0J,1,1,100.00%,0,0,0.00%,0,0,0.00%,1,,,,,,,,,,,,,,,,100,,,,,,,,0,,0,,,,,,,,,,1,,Never Blocked,,
125,A15KWGP3OQ1U5T,https://gamma-requester.mturk.com/workers/A15KWGP3OQ1U5T,1,1,100.00%,1,1,100.00%,0,0,0.00%,,,,,,,,,,,,,1,,,,,,,,,,,,,,,,,,,,,,,,,,Never Blocked,,
126,A15N4VW2HOYJ02,https://gamma-requester.mturk.com/workers/A15N4VW2HOYJ02,1,1,100.00%,0,0,0.00%,0,0,0.00%,1,,,,,,,,,,,,,,,,100,,,,,,,,0,,0,,,,,,,,,,,,Never Blocked,,
127,A15PS12R80CWTU,https://gamma-requester.mturk.com/workers/A15PS12R80CWTU,1,1,100.00%,0,0,0.00%,0,0,0.00%,,,,,,,,,,,,,,,,,1,,,,,,,,,,,,,,,,,,,,,,Never Blocked,,
128,A15PWFOPKS1O02,https://gamma-requester.mturk.com/workers/A15PWFOPKS1O02,1,1,100.00%,0,0,0.00%,0,0,0.00%,1,,,,,,,,,,,,,,,,100,,,,,,,,0,,0,,,,,,,,,,1,,Never Blocked,,
129,A15QJT0CC8ADG,https://gamma-requester.mturk.com/workers/A15QJT0CC8ADG,1,1,100.00%,1,1,100.00%,0,0,0.00%,,,,,,,,,,,,,1,,,,,,,,,,,,,,,,,,,,,,,,,,Never Blocked,,
130,A15QR5VXB9OE0U,https://gamma-requester.mturk.com/workers/A15QR5VXB9OE0U,3,3,100.00%,0,0,0.00%,0,0,0.00%,1,,,,,,,,,,,,,,,,100,,,,,,,,0,,0,,1,,1,,1,,,,,,Never Blocked,,
131,A15SB9KAGZMJ4G,https://gamma-requester.mturk.com/workers/A15SB9KAGZMJ4G,1,1,100.00%,1,1,100.00%,0,0,0.00%,,,,,,,,,,,,,1,,,,,,,,,,,,,,,,,,,,,,,,,,Never Blocked,,
132,A15T9HDPHV3X7Q,https://gamma-requester.mturk.com/workers/A15T9HDPHV3X7Q,1,1,100.00%,0,0,0.00%,0,0,0.00%,1,,,,,,,,,,,,,,,,100,,,,,,,,0,,0,,,,,,,,,,,,Never Blocked,,
133,A15UAR6NM0QVQN,https://gamma-requester.mturk.com/workers/A15UAR6NM0QVQN,1,1,100.00%,0,0,0.00%,0,0,0.00%,,,,,,,,,,,,,,,,,,,,,,,,,,,,,,,,,,,1,,,,Never Blocked,,
134,A15UL5WCZIZCAV,https://gamma-requester.mturk.com/workers/A15UL5WCZIZCAV,1,0,0.00%,0,0,0.00%,0,0,0.00%,,,,,,,,,,,,,,,,,1,,,,,,,,,,,,,,,,,,,,,,Never Blocked,,
135,A15UQNI8KM9WET,https://gamma-requester.mturk.com/workers/A15UQNI8KM9WET,1,1,100.00%,0,0,0.00%,0,0,0.00%,1,,,,,,,,,,,,,,,,100,,,,,,,,0,,0,,,,,,,,,,,,Never Blocked,,
136,A15V2JYNSMUREO,https://gamma-requester.mturk.com/workers/A15V2JYNSMUREO,2,2,100.00%,0,0,0.00%,0,0,0.00%,,,,,,,,,1,,,,,,,,1,,,,,,,,,,,,,,,,,,,,,,Never Blocked,,
137,A15X0MSBZ74TFT,https://gamma-requester.mturk.com/workers/A15X0MSBZ74TFT,1,1,100.00%,0,0,0.00%,0,0,0.00%,1,,,,,,,,,,,,,,,,100,,,,,,,,0,,0,,,,,,1,,,,,,Never Blocked,,
138,A15XIKX3PI7SLK,https://gamma-requester.mturk.com/workers/A15XIKX3PI7SLK,1,1,100.00%,0,0,0.00%,0,0,0.00%,1,,,,,,,,,,,,,,,,100,,,,,,,,0,,0,,,,,,,,,,1,,Never Blocked,,
139,A15Y215D57OSO5,https://gamma-requester.mturk.com/workers/A15Y215D57OSO5,1,1,100.00%,0,0,0.00%,0,0,0.00%,1,,,,,,,,,,,,,,,,100,,,,,,,,0,,0,,,,,,,,,,,,Never Blocked,,
140,A160FPYZ46HAJQ,https://gamma-requester.mturk.com/workers/A160FPYZ46HAJQ,1,1,100.00%,0,0,0.00%,0,0,0.00%,1,,,,,,,,,,,,,,,,100,,,,,,,,0,,0,,,,,,,,,,1,,Never Blocked,,
141,A16184N1RO5OJV,https://gamma-requester.mturk.com/workers/A16184N1RO5OJV,1,1,100.00%,0,0,0.00%,0,0,0.00%,1,,,,,,,,,,,,,,,,100,,,,,,,,0,,0,,,,,,,,,,,,Never Blocked,,
142,A1618RA11ZOD8Y,https://gamma-requester.mturk.com/workers/A1618RA11ZOD8Y,1,0,0.00%,0,0,0.00%,0,0,0.00%,,,,,,,,,,,,,,,,,1,,,,0,,,,,,,,,,,,,,,,,,Never Blocked,,
143,A161M17XH251WL,https://gamma-requester.mturk.com/workers/A161M17XH251WL,1,1,100.00%,0,0,0.00%,0,0,0.00%,,,,,,,,,,,,,,,,,100,,,,,,,,,,,,,,,,,,,,,,Never Blocked,,
144,A162TOBLD1669W,https://gamma-requester.mturk.com/workers/A162TOBLD1669W,1,1,100.00%,0,0,0.00%,0,0,0.00%,1,,,,,,,,,,,,,,,,100,,,,,,,,0,,0,,,,,,,,,,1,,Never Blocked,,
145,A1643DGXP62OPM,https://gamma-requester.mturk.com/workers/A1643DGXP62OPM,1,1,100.00%,0,0,0.00%,0,0,0.00%,,,,,,,,,,,,,,,,,,,,,,,,,,,,,,,,,,,,,,,Never Blocked,,
146,A165ZC634AIYVY,https://gamma-requester.mturk.com/workers/A165ZC634AIYVY,1,1,100.00%,0,0,0.00%,0,0,0.00%,,,,,,,,,,,,,,,,,100,,,,,,,,,,,,,,,,,,,,,,Never Blocked,,
147,A166BS4L4QUBR9,https://gamma-requester.mturk.com/workers/A166BS4L4QUBR9,2,2,100.00%,0,0,0.00%,0,0,0.00%,,,,,,,,,1,,,,,,,,1,,,,,,,,,,,,,,,,,,1,,,,Never Blocked,,
148,A168NQV5RKT0GV,https://gamma-requester.mturk.com/workers/A168NQV5RKT0GV,1,1,100.00%,0,0,0.00%,0,0,0.00%,,,,,,,,,,,,,,,,,100,,,,,,,,,,,,,,,,,,,,,,Never Blocked,,
149,A169WH54HMYS5Z,https://gamma-requester.mturk.com/workers/A169WH54HMYS5Z,3,3,100.00%,0,0,0.00%,0,0,0.00%,1,,,,,,,,,,,,,,,,100,,,,,,,,0,,0,,1,,1,,1,,,,,,Never Blocked,,
150,A16ADHWQT3W0Z,https://gamma-requester.mturk.com/workers/A16ADHWQT3W0Z,0,0,0.00%,0,0,0.00%,0,0,0.00%,,,,,,,,,,,,,,1,,,,,,,,,,,,,,,,,,,,,,,,,Never Blocked,,
151,A16BUREYCTMSOC,https://gamma-requester.mturk.com/workers/A16BUREYCTMSOC,1,1,100.00%,0,0,0.00%,0,0,0.00%,,,,,,,,,,,,,,,1,,,,,,,,,,,,,,,,,,,,,,,,Never Blocked,,
152,A16CB759HYBUPY,https://gamma-requester.mturk.com/workers/A16CB759HYBUPY,1,1,100.00%,0,0,0.00%,0,0,0.00%,1,,,,,,,,,,,,,,,,100,,,,,,,,0,,0,,,,,,,,,,1,,Never Blocked,,
153,A16DFVQYKDHTON,https://gamma-requester.mturk.com/workers/A16DFVQYKDHTON,1,1,100.00%,1,1,100.00%,0,0,0.00%,,,,,,,,,,,,,1,,,,,,,,,,,,,,,,,,,,,,,,,,Never Blocked,,
154,A16E38HXNQBLCU,https://gamma-requester.mturk.com/workers/A16E38HXNQBLCU,5,5,100.00%,0,0,0.00%,0,0,0.00%,1,,,,,,,,,,,,,,,,100,,,,,,,,1,,1,,1,,1,,1,,,,,,Never Blocked,,
155,A16HAYGVGNT5TJ,https://gamma-requester.mturk.com/workers/A16HAYGVGNT5TJ,1,1,100.00%,0,0,0.00%,0,0,0.00%,,,,,,,,,1,,,,,,,,1,,,,,,,,,,,,,,,,,,,,,,Never Blocked,,
156,A16LUX6COW2EBP,https://gamma-requester.mturk.com/workers/A16LUX6COW2EBP,1,1,100.00%,1,1,100.00%,0,0,0.00%,,,,,,,,,,,,,1,,,,,,,,,,,,,,,,,,,,,,,,,,Never Blocked,,
157,A16QH3MFZ9CC4M,https://gamma-requester.mturk.com/workers/A16QH3MFZ9CC4M,2,2,100.00%,0,0,0.00%,0,0,0.00%,,,,,,,,,,,1,,,,,,1,,,,,,,,,,,,,,,,,,,,,,Never Blocked,,
158,A16QTKULP8HQ6G,https://gamma-requester.mturk.com/workers/A16QTKULP8HQ6G,1,1,100.00%,0,0,0.00%,0,0,0.00%,1,,,,,,,,,,,,,,,,100,,,,,,,,0,,0,,,,,,,,,,,,Never Blocked,,
159,A16TOOYC3QOJVE,https://gamma-requester.mturk.com/workers/A16TOOYC3QOJVE,2,2,100.00%,0,0,0.00%,0,0,0.00%,,,,,,,,,,,1,,,,,,1,,,,,,,,,,,,,,,,,,,,,,Never Blocked,,
160,A171C7B6HHSEGH,https://gamma-requester.mturk.com/workers/A171C7B6HHSEGH,1,1,100.00%,0,0,0.00%,0,0,0.00%,1,,,,,,,,,,,,,,,,100,,,,,,,,0,,0,,,,,,,,,,,,Never Blocked,,
161,A171UXH8M8F6HS,https://gamma-requester.mturk.com/workers/A171UXH8M8F6HS,1,1,100.00%,0,0,0.00%,0,0,0.00%,1,,,,,,,,,,,,,,,,100,,,,,,,,0,,0,,,,,,1,,,,,,Never Blocked,,
162,A1720HSKGQ41VJ,https://gamma-requester.mturk.com/workers/A1720HSKGQ41VJ,5,5,100.00%,0,0,0.00%,0,0,0.00%,1,,,,,,,,,,,,,,,,100,,,,,,,,1,,1,,1,,1,,1,,,,,,Never Blocked,,
163,A173A97OFDAX9F,https://gamma-requester.mturk.com/workers/A173A97OFDAX9F,1,1,100.00%,0,0,0.00%,0,0,0.00%,1,,,,,,,,,,,,,,,,100,,,,,,,,0,,0,,,,,,,,,,1,,Never Blocked,,
164,A173MXK429XAZQ,https://gamma-requester.mturk.com/workers/A173MXK429XAZQ,5,5,100.00%,0,0,0.00%,0,0,0.00%,1,,,,,,,,,,,,,,,,100,,,,,,,,1,,1,,1,,1,,1,,,,,,Never Blocked,,
165,A173T1IWICTNER,https://gamma-requester.mturk.com/workers/A173T1IWICTNER,1,1,100.00%,0,0,0.00%,0,0,0.00%,1,,,,,,,,,,,,,,,,100,,,,,,,,0,,0,,,,,,1,,,,,,Never Blocked,,
166,A177M9OIBDUWFW,https://gamma-requester.mturk.com/workers/A177M9OIBDUWFW,1,1,100.00%,0,0,0.00%,0,0,0.00%,,,,,,,,,,,,,,,1,,1,,,,,,,,,,,,,,,,,,,,,,Never Blocked,,
167,A178HXQENEAI65,https://gamma-requester.mturk.com/workers/A178HXQENEAI65,1,1,100.00%,0,0,0.00%,0,0,0.00%,,,,,,,,,,,,,,,,,,,,,,,,,,,,,,,,,,,1,,,,Never Blocked,,
168,A179HCVHIA02KX,https://gamma-requester.mturk.com/workers/A179HCVHIA02KX,1,1,100.00%,0,0,0.00%,0,0,0.00%,,,,,,,,,,,,,,,,,,,,,,,,,,,,,,,,,,,,,,,Never Blocked,,
169,A179J2VTM45XG3,https://gamma-requester.mturk.com/workers/A179J2VTM45XG3,1,1,100.00%,0,0,0.00%,0,0,0.00%,,,,,,,,,,,,,,,1,,,,,,,,,,,,,,,,,,,,,,,,Never Blocked,,
170,A17DCIRBMHZXK6,https://gamma-requester.mturk.com/workers/A17DCIRBMHZXK6,2,2,100.00%,0,0,0.00%,0,0,0.00%,1,,,,,,,,,,,,,,,,100,,,,,,,,0,,0,,,,1,,1,,,,,,Never Blocked,,
171,A17GMTYVOZYP6V,https://gamma-requester.mturk.com/workers/A17GMTYVOZYP6V,1,1,100.00%,0,0,0.00%,0,0,0.00%,1,,,,,,,,,,,,,,,,100,,,,,,,,0,,0,,,,,,,,,,,,Never Blocked,,
172,A17JUIY13I7RL8,https://gamma-requester.mturk.com/workers/A17JUIY13I7RL8,1,1,100.00%,0,0,0.00%,0,0,0.00%,,,,,,,,,,,,,,,,,100,,,,,,,,,,,,,,,,,,,,,,Never Blocked,,
173,A17K1CHOI773VZ,https://gamma-requester.mturk.com/workers/A17K1CHOI773VZ,1,1,100.00%,0,0,0.00%,0,0,0.00%,,,,,,,,,,,,,,,1,,,,,,,,,,,,,,,,,,,,,,,,Never Blocked,,
174,A17MSCEVDDC98H,https://gamma-requester.mturk.com/workers/A17MSCEVDDC98H,1,1,100.00%,0,0,0.00%,0,0,0.00%,1,,,,,,,,,,,,,,,,100,,,,,,,,0,,0,,,,,,,,,,,,Never Blocked,,
175,A17NJB8Z9OM8TL,https://gamma-requester.mturk.com/workers/A17NJB8Z9OM8TL,1,1,100.00%,0,0,0.00%,0,0,0.00%,1,,,,,,,,,,,,,,,,100,,,,,,,,0,,0,,,,,,1,,,,,,Never Blocked,,
176,A17QEFBJIP3K04,https://gamma-requester.mturk.com/workers/A17QEFBJIP3K04,1,1,100.00%,0,0,0.00%,0,0,0.00%,,,,,,,,,,,,,,,,,,,,,,,,,,,,,,,,,,,,,,,Never Blocked,,
177,A17UAKCB96FS18,https://gamma-requester.mturk.com/workers/A17UAKCB96FS18,1,1,100.00%,0,0,0.00%,0,0,0.00%,1,,,,,,,,,,,,,,,,100,,,,,,,,0,,0,,,,,,,,,,1,,Never Blocked,,
178,A17VFZIAVVCCSQ,https://gamma-requester.mturk.com/workers/A17VFZIAVVCCSQ,1,1,100.00%,0,0,0.00%,0,0,0.00%,1,,,,,,,,,,,,,,,,100,,,,,,,,0,,0,,,,,,,,,,1,,Never Blocked,,
179,A17VKWFBPYDGNI,https://gamma-requester.mturk.com/workers/A17VKWFBPYDGNI,1,1,100.00%,0,0,0.00%,0,0,0.00%,1,,,,,,,,,,,,,,,,100,,,,,,,,0,,0,,,,,,,,,,,,Never Blocked,,
180,A17WB66BXX4R0J,https://gamma-requester.mturk.com/workers/A17WB66BXX4R0J,1,1,100.00%,0,0,0.00%,0,0,0.00%,,,,,,,,,,,,,,,,,100,,,,,,,,,,,,,,,,,,,,,,Never Blocked,,
181,A17X4M2GVN70VB,https://gamma-requester.mturk.com/workers/A17X4M2GVN70VB,1,1,100.00%,0,0,0.00%,0,0,0.00%,1,,,,,,,,,,,,,,,,100,,,,,,,,0,,0,,,,,,1,,,,,,Never Blocked,,
182,A180AEU7BOPR3V,https://gamma-requester.mturk.com/workers/A180AEU7BOPR3V,1,1,100.00%,0,0,0.00%,0,0,0.00%,1,,,,,,,,,,,,,,,,100,,,,,,,,0,,0,,,,,,,,,,,,Never Blocked,,
183,A1822S4ELYI80E,https://gamma-requester.mturk.com/workers/A1822S4ELYI80E,1,1,100.00%,1,1,100.00%,0,0,0.00%,,,,,,,,,,,,,1,,,,,,,,,,,,,,,,,,,,,,,,,,Never Blocked,,
184,A186H1K18UQ076,https://gamma-requester.mturk.com/workers/A186H1K18UQ076,1,1,100.00%,0,0,0.00%,0,0,0.00%,,,,,,,,,,,,,,,1,,,,,,,,,,,,,,,,,,,,,,,,Never Blocked,,
185,A188F1RA867LVT,https://gamma-requester.mturk.com/workers/A188F1RA867LVT,1,1,100.00%,1,1,100.00%,0,0,0.00%,,,,,,,,,,,,,1,,,,,,,,,,,,,,,,,,,,,,,,,,Never Blocked,,
186,A188ZZIEW2E5U4,https://gamma-requester.mturk.com/workers/A188ZZIEW2E5U4,1,1,100.00%,0,0,0.00%,0,0,0.00%,1,,,,,,,,,,,,,,,,100,,,,,,,,0,,0,,,,,,,,,,1,,Never Blocked,,
187,A1898YHZYKEUMV,https://gamma-requester.mturk.com/workers/A1898YHZYKEUMV,1,1,100.00%,0,0,0.00%,0,0,0.00%,1,,,,,,,,,,,,,,,,100,,,,,,,,0,,0,,,,,,,,,,,,Never Blocked,,
188,A18A8BDCIIIF1N,https://gamma-requester.mturk.com/workers/A18A8BDCIIIF1N,1,1,100.00%,0,0,0.00%,0,0,0.00%,1,,,,,,,,,,,,,,,,100,,,,,,,,0,,0,,,,,,1,,,,,,Never Blocked,,
189,A18E16UFE351U6,https://gamma-requester.mturk.com/workers/A18E16UFE351U6,1,1,100.00%,0,0,0.00%,0,0,0.00%,1,,,,,,,,,,,,,,,,100,,,,,,,,0,,0,,,,,,,,,,1,,Never Blocked,,
190,A18GEAFI5MMW02,https://gamma-requester.mturk.com/workers/A18GEAFI5MMW02,1,1,100.00%,0,0,0.00%,0,0,0.00%,,,,,,,,,,,,,,,1,,,,,,,,,,,,,,,,,,,,,,,,Never Blocked,,
191,A18PHFD6BWTP15,https://gamma-requester.mturk.com/workers/A18PHFD6BWTP15,1,1,100.00%,0,0,0.00%,0,0,0.00%,1,,,,,,,,,,,,,,,,100,,,,,,,,0,,0,,,,,,,,,,1,,Never Blocked,,
192,A18QPLPCT181A2,https://gamma-requester.mturk.com/workers/A18QPLPCT181A2,1,1,100.00%,0,0,0.00%,0,0,0.00%,1,,,,,,,,,,,,,,,,100,,,,,,,,0,,0,,,,,,,,,,1,,Never Blocked,,
193,A18TJQ1OFMV8H2,https://gamma-requester.mturk.com/workers/A18TJQ1OFMV8H2,1,1,100.00%,0,0,0.00%,0,0,0.00%,,,,,,,,,,,,,,,,,,,,,,,,,,,,,,,,,,,,,,,Never Blocked,,
194,A18U9X55D94R6P,https://gamma-requester.mturk.com/workers/A18U9X55D94R6P,1,1,100.00%,0,0,0.00%,0,0,0.00%,1,,,,,,,,,,,,,,,,100,,,,,,,,0,,0,,,,,,,,,,1,,Never Blocked,,
195,A18VD2PHN5VNCE,https://gamma-requester.mturk.com/workers/A18VD2PHN5VNCE,1,1,100.00%,0,0,0.00%,0,0,0.00%,1,,,,,,,,,,,,,,,,100,,,,,,,,0,,0,,,,,,,,,,1,,Never Blocked,,
196,A18VFMAXN5ZSO5,https://gamma-requester.mturk.com/workers/A18VFMAXN5ZSO5,5,5,100.00%,0,0,0.00%,0,0,0.00%,1,,,,,,,,,,,,,,,,100,,,,,,,,1,,1,,1,,1,,1,,,,,,Never Blocked,,
197,A18WO9O57UERFL,https://gamma-requester.mturk.com/workers/A18WO9O57UERFL,0,0,0.00%,0,0,0.00%,0,0,0.00%,,,,,,,,,,,,,,1,,,,,,,,,,,,,,,,,,,,,,,,,Never Blocked,,
198,A18X55GJB6VBQ0,https://gamma-requester.mturk.com/workers/A18X55GJB6VBQ0,1,1,100.00%,0,0,0.00%,0,0,0.00%,1,,,,,,,,,,,,,,,,100,,,,,,,,0,,0,,,,,,1,,,,,,Never Blocked,,
199,A18XFOKU5G1OL1,https://gamma-requester.mturk.com/workers/A18XFOKU5G1OL1,2,2,100.00%,0,0,0.00%,0,0,0.00%,1,,,,,,,,,,,,,,,,100,,,,,,,,0,,0,,,,,,,,,,,,Never Blocked,,
200,A190GK14OT476J,https://gamma-requester.mturk.com/workers/A190GK14OT476J,1,1,100.00%,0,0,0.00%,0,0,0.00%,1,,,,,,,,,,,,,,,,100,,,,,,,,0,,0,,,,,,,,,,,,Never Blocked,,
201,A193ANQ412QFO1,https://gamma-requester.mturk.com/workers/A193ANQ412QFO1,1,1,100.00%,0,0,0.00%,0,0,0.00%,1,,,,,,,,,,,,,,,,100,,,,,,,,0,,0,,,,,,1,,,,,,Never Blocked,,
202,A1945USNZHTROX,https://gamma-requester.mturk.com/workers/A1945USNZHTROX,1,1,100.00%,0,0,0.00%,0,0,0.00%,1,,,,,,,,,,,,,,,,100,,,,,,,,0,,0,,,,,,,,,,1,,Never Blocked,,
203,A194XT9MBY3JTZ,https://gamma-requester.mturk.com/workers/A194XT9MBY3JTZ,1,1,100.00%,0,0,0.00%,0,0,0.00%,1,,,,,,,,,,,,,,,,100,,,,,,,,0,,0,,,,,,,,,,1,,Never Blocked,,
204,A1969Q0R4Y0E3J,https://gamma-requester.mturk.com/workers/A1969Q0R4Y0E3J,4,4,100.00%,0,0,0.00%,0,0,0.00%,,,,,,,,,,,1,,,1,1,,1,,,,,,1,,,,,,,,,,,,,,,,Never Blocked,,
205,A19AYB3M3IIP51,https://gamma-requester.mturk.com/workers/A19AYB3M3IIP51,2,2,100.00%,0,0,0.00%,0,0,0.00%,,,,,,,,,,,,,,,1,,,,,,,,1,,,,,,,,,,,,,,,,Never Blocked,,
206,A19CS96QCO32RT,https://gamma-requester.mturk.com/workers/A19CS96QCO32RT,1,1,100.00%,0,0,0.00%,0,0,0.00%,,,,,,,,,,,,,,,,,,,,,,,,,,,,,,,,,,,,,,,Never Blocked,,
207,A19D5XESOLLNMA,https://gamma-requester.mturk.com/workers/A19D5XESOLLNMA,1,1,100.00%,0,0,0.00%,0,0,0.00%,1,,,,,,,,,,,,,,,,100,,,,,,,,0,,0,,,,,,,,,,1,,Never Blocked,,
208,A19EULRYQWVM5U,https://gamma-requester.mturk.com/workers/A19EULRYQWVM5U,5,5,100.00%,0,0,0.00%,0,0,0.00%,1,,,,,,,,,,,,,,,,100,,,,,,,,1,,1,,1,,1,,1,,,,,,Never Blocked,,
209,A19FEU28J4WZ1Z,https://gamma-requester.mturk.com/workers/A19FEU28J4WZ1Z,1,1,100.00%,0,0,0.00%,0,0,0.00%,,,,,,,,,,,,,,,,,,,,,,,,,,,,,,,,,,,,,,,Never Blocked,,
210,A19FSND0BO2IUT,https://gamma-requester.mturk.com/workers/A19FSND0BO2IUT,3,3,100.00%,0,0,0.00%,0,0,0.00%,1,,,,,,,,,,,,,,,,100,,,,,,,,0,,0,,1,,1,,1,,,,,,Never Blocked,,
211,A19FW6H7BGKRVT,https://gamma-requester.mturk.com/workers/A19FW6H7BGKRVT,1,1,100.00%,0,0,0.00%,0,0,0.00%,,,,,,,,,,,,,,1,,,100,,,,,,,,,,,,,,,,,,,,,,Never Blocked,,
212,A19GPBWE8CBCOL,https://gamma-requester.mturk.com/workers/A19GPBWE8CBCOL,1,1,100.00%,1,1,100.00%,0,0,0.00%,,,,,,,,,,,,,1,,,,,,,,,,,,,,,,,,,,,,,,,,Never Blocked,,
213,A19HUGM4G6QTCT,https://gamma-requester.mturk.com/workers/A19HUGM4G6QTCT,1,1,100.00%,0,0,0.00%,0,0,0.00%,1,,,,,,,,,,,,,,,,100,,,,,,,,0,,0,,,,,,1,,,,,,Never Blocked,,
214,A19JA6ETNMXVYY,https://gamma-requester.mturk.com/workers/A19JA6ETNMXVYY,1,1,100.00%,0,0,0.00%,0,0,0.00%,,,,,,,,,,,,,,,,,,,,,,,,,,,,,,,,,,,1,,,,Never Blocked,,
215,A19JTHOXGO1TE6,https://gamma-requester.mturk.com/workers/A19JTHOXGO1TE6,1,1,100.00%,0,0,0.00%,0,0,0.00%,1,,,,,,,,,,,,,,,,100,,,,,,,,0,,0,,,,,,,,,,,,Never Blocked,,
216,A19NI66FV9RKA3,https://gamma-requester.mturk.com/workers/A19NI66FV9RKA3,1,1,100.00%,0,0,0.00%,0,0,0.00%,,,,,,,,,,,,,,,,,,,,,,,,,,,,,,,,,,,1,,,,Never Blocked,,
217,A19NNIY99BR1N,https://gamma-requester.mturk.com/workers/A19NNIY99BR1N,1,1,100.00%,0,0,0.00%,0,0,0.00%,1,,,,,,,,,,,,,,,,100,,,,,,,,0,,0,,,,,,,,,,1,,Never Blocked,,
218,A19NX9CQGX6XI8,https://gamma-requester.mturk.com/workers/A19NX9CQGX6XI8,2,2,100.00%,0,0,0.00%,0,0,0.00%,,,,,,,,,,,,,,,,,100,,,,,,,,,,,,,,,,,,,,,,Never Blocked,,
219,A19P6RBMNIFJLH,https://gamma-requester.mturk.com/workers/A19P6RBMNIFJLH,1,1,100.00%,0,0,0.00%,0,0,0.00%,1,,,,,,,,,,,,,,,,100,,,,,,,,0,,0,,,,,,,,,,1,,Never Blocked,,
220,A19PB6VUP0RAC3,https://gamma-requester.mturk.com/workers/A19PB6VUP0RAC3,2,2,100.00%,0,0,0.00%,0,0,0.00%,,,,,,,,,,,,,,,1,,,,,,,,1,,,,,,,,,,,,,,,,Never Blocked,,
221,A19TD2J8506A4Y,https://gamma-requester.mturk.com/workers/A19TD2J8506A4Y,2,2,100.00%,0,0,0.00%,0,0,0.00%,1,,,,,,,,,,,,,,,,100,,,,,,,,0,,0,,,,,,,,,,1,,Never Blocked,,
222,A19VZKQUQRXYVI,https://gamma-requester.mturk.com/workers/A19VZKQUQRXYVI,3,3,100.00%,0,0,0.00%,0,0,0.00%,1,,,,,,,,,,,,,,,,100,,,,,,,,0,,0,,1,,1,,1,,,,,,Never Blocked,,
223,A19Z68L0RHQVWL,https://gamma-requester.mturk.com/workers/A19Z68L0RHQVWL,4,4,100.00%,0,0,0.00%,0,0,0.00%,1,,,,,,,,,,,,,,,,100,,,,,,,,0,,1,,1,,1,,1,,,,,,Never Blocked,,
224,A1A0MAFUY61BV0,https://gamma-requester.mturk.com/workers/A1A0MAFUY61BV0,1,1,100.00%,0,0,0.00%,0,0,0.00%,1,,,,,,,,,,,,,,,,100,,,,,,,,0,,0,,,,,,,,,,1,,Never Blocked,,
225,A1AA32T87SP2NV,https://gamma-requester.mturk.com/workers/A1AA32T87SP2NV,1,1,100.00%,0,0,0.00%,0,0,0.00%,,,,,,,,,,,,,,,,,,,,,1,,,,,,,,,,,,,,,,,,Never Blocked,,
226,A1AAMCV6OSQFC3,https://gamma-requester.mturk.com/workers/A1AAMCV6OSQFC3,2,2,100.00%,0,0,0.00%,0,0,0.00%,1,,,,,,,,,,,,,,,,100,,,,,,,,0,,0,,,,,,,,,,,,Never Blocked,,
227,A1AAZFPAUJB1TX,https://gamma-requester.mturk.com/workers/A1AAZFPAUJB1TX,1,1,100.00%,0,0,0.00%,0,0,0.00%,,,,,,,,,,,,,,,1,,,,,,,,,,,,,,,,,,,,,,,,Never Blocked,,
228,A1ABRVTR49OA73,https://gamma-requester.mturk.com/workers/A1ABRVTR49OA73,3,3,100.00%,0,0,0.00%,0,0,0.00%,,,,,,,,,,,,,,,1,,,,,,,,1,,,,,,,,,,,,,,,,Never Blocked,,
229,A1AC4J40EQWZG2,https://gamma-requester.mturk.com/workers/A1AC4J40EQWZG2,1,1,100.00%,0,0,0.00%,0,0,0.00%,,,,,,,,,,,,,,,1,,,,,,,,1,,,,,,,,,,,,,,,,Never Blocked,,
230,A1AC4JQFYLQFHV,https://gamma-requester.mturk.com/workers/A1AC4JQFYLQFHV,1,1,100.00%,0,0,0.00%,0,0,0.00%,,,,,,,,,,,,,,,,,100,,,,,,,,,,,,,,,,,,,,,,Never Blocked,,
231,A1AD2BDQYTTJIL,https://gamma-requester.mturk.com/workers/A1AD2BDQYTTJIL,3,3,100.00%,1,1,100.00%,0,0,0.00%,,,,,,,,,,,,,1,,,,100,,,,,,,,,,,,,,,,,,,,,,Never Blocked,,
232,A1ADAWW4IHPCQ7,https://gamma-requester.mturk.com/workers/A1ADAWW4IHPCQ7,4,4,100.00%,0,0,0.00%,0,0,0.00%,1,,,,,,,,,,,,,,,,100,,,,,,,,0,,1,,1,,1,,1,,,,,,Never Blocked,,
233,A1AF25FCVKC87X,https://gamma-requester.mturk.com/workers/A1AF25FCVKC87X,5,5,100.00%,0,0,0.00%,0,0,0.00%,1,,,,,,,,,,,,,,,,100,,,,,,,,1,,1,,1,,1,,1,,,,,,Never Blocked,,
234,A1AKL5YH9NLD2V,https://gamma-requester.mturk.com/workers/A1AKL5YH9NLD2V,2,2,100.00%,0,0,0.00%,0,0,0.00%,1,,,,,,,,,,,,,,,,100,,,,,,,,0,,0,,,,,,,,1,,1,,Never Blocked,,
235,A1AMGHYG5PT0L2,https://gamma-requester.mturk.com/workers/A1AMGHYG5PT0L2,5,5,100.00%,0,0,0.00%,0,0,0.00%,1,,,,,,,,,,,,,,1,,100,,,,1,,1,,0,,0,,,,,,,,,,,,Never Blocked,,
236,A1APHM73SHXOBO,https://gamma-requester.mturk.com/workers/A1APHM73SHXOBO,1,1,100.00%,0,0,0.00%,0,0,0.00%,,,,,,,,,,,,,,,,,,,,,,,,,,,,,,,,,,,,,,,Never Blocked,,
237,A1AQIDSEZL1N8G,https://gamma-requester.mturk.com/workers/A1AQIDSEZL1N8G,1,1,100.00%,0,0,0.00%,0,0,0.00%,1,,,,,,,,,,,,,,,,100,,,,,,,,0,,0,,,,,,,,,,1,,Never Blocked,,
238,A1AT1U9SZ2T4NN,https://gamma-requester.mturk.com/workers/A1AT1U9SZ2T4NN,1,1,100.00%,0,0,0.00%,0,0,0.00%,,,,,,,,,,,,,,,,,100,,,,,,,,,,,,,,,,,,,,,,Never Blocked,,
239,A1AUOTWKBWIFRC,https://gamma-requester.mturk.com/workers/A1AUOTWKBWIFRC,2,2,100.00%,0,0,0.00%,0,0,0.00%,1,,,,,,,,,,,,,,,,100,,,,,,,,0,,0,,,,1,,1,,,,,,Never Blocked,,
240,A1AUT20SM6AI4Y,https://gamma-requester.mturk.com/workers/A1AUT20SM6AI4Y,1,1,100.00%,0,0,0.00%,0,0,0.00%,1,,,,,,,,,,,,,,,,100,,,,,,,,0,,0,,,,,,1,,,,,,Never Blocked,,
241,A1AV0MGCZI8E8D,https://gamma-requester.mturk.com/workers/A1AV0MGCZI8E8D,1,1,100.00%,0,0,0.00%,0,0,0.00%,,,,,,,,,,,,,,,,,100,,,,,,,,,,,,,,,,,,,,,,Never Blocked,,
242,A1AW4WCRVLE1C6,https://gamma-requester.mturk.com/workers/A1AW4WCRVLE1C6,1,1,100.00%,0,0,0.00%,0,0,0.00%,,,,,,,,,,,,,,,,,100,,,,,,,,,,,,,,,,,,,,,,Never Blocked,,
243,A1AYFPD1RFW8P5,https://gamma-requester.mturk.com/workers/A1AYFPD1RFW8P5,1,1,100.00%,0,0,0.00%,0,0,0.00%,1,,,,,,,,,,,,,,,,100,,,,,,,,0,,0,,,,,,1,,,,,,Never Blocked,,
244,A1AYQ8E01NSY5Z,https://gamma-requester.mturk.com/workers/A1AYQ8E01NSY5Z,1,1,100.00%,1,1,100.00%,0,0,0.00%,,,,,,,,,,,,,1,,,,,,,,,,,,,,,,,,,,,,,,,,Never Blocked,,
245,A1AZ97YYFVWFGC,https://gamma-requester.mturk.com/workers/A1AZ97YYFVWFGC,1,1,100.00%,0,0,0.00%,0,0,0.00%,,,,,,,,,,,,,,,,,,,,,,,,,,,,,,,,,,,,,,,Never Blocked,,
246,A1AZVO8ZOMPO4L,https://gamma-requester.mturk.com/workers/A1AZVO8ZOMPO4L,1,1,100.00%,0,0,0.00%,0,0,0.00%,,,,,,,,,,,,,,,,,1,,,,,,,,,,,,,,,,,,,,,,Never Blocked,,
247,A1B14CS9DW7008,https://gamma-requester.mturk.com/workers/A1B14CS9DW7008,1,1,100.00%,0,0,0.00%,0,0,0.00%,1,,,,,,,,,,,,,,,,100,,,,,,,,0,,0,,,,,,,,,,1,,Never Blocked,,
248,A1B1Y6OBCA7XTZ,https://gamma-requester.mturk.com/workers/A1B1Y6OBCA7XTZ,1,1,100.00%,0,0,0.00%,0,0,0.00%,1,,,,,,,,,,,,,,,,100,,,,,,,,0,,0,,,,,,1,,,,,,Never Blocked,,
249,A1B5O1E2T429ET,https://gamma-requester.mturk.com/workers/A1B5O1E2T429ET,1,1,100.00%,0,0,0.00%,0,0,0.00%,1,,,,,,,,,,,,,,,,100,,,,,,,,0,,0,,,,,,,,,,1,,Never Blocked,,
250,A1B65EVDS55AME,https://gamma-requester.mturk.com/workers/A1B65EVDS55AME,1,1,100.00%,0,0,0.00%,0,0,0.00%,1,,,,,,,,,,,,,,,,100,,,,,,,,0,,0,,,,,,,,,,,,Never Blocked,,
251,A1B6FZ96BQZZJ6,https://gamma-requester.mturk.com/workers/A1B6FZ96BQZZJ6,1,1,100.00%,0,0,0.00%,0,0,0.00%,1,,,,,,,,,,,,,,,,100,,,,,,,,0,,0,,,,,,,,,,1,,Never Blocked,,
252,A1B8OVQXUY3WQ6,https://gamma-requester.mturk.com/workers/A1B8OVQXUY3WQ6,1,1,100.00%,0,0,0.00%,0,0,0.00%,,,,,,,,,,,,,,,1,,,,,,,,,,,,,,,,,,,,,,,,Never Blocked,,
253,A1B8QUOSZEH4S1,https://gamma-requester.mturk.com/workers/A1B8QUOSZEH4S1,1,1,100.00%,0,0,0.00%,0,0,0.00%,,,,,,,,,,,,,,,,,,,,,,,,,,,,,,,,,,,,,,,Never Blocked,,
254,A1B9H14AV44C0G,https://gamma-requester.mturk.com/workers/A1B9H14AV44C0G,5,5,100.00%,0,0,0.00%,0,0,0.00%,1,,,,,,,,,,,,,,,,100,,,,,,,,1,,1,,1,,1,,1,,,,,,Never Blocked,,
255,A1B9MG0X7SR28,https://gamma-requester.mturk.com/workers/A1B9MG0X7SR28,1,1,100.00%,0,0,0.00%,0,0,0.00%,1,,,,,,,,,,,,,,,,100,,,,,,,,0,,0,,,,,,,,,,1,,Never Blocked,,
256,A1BDPV5H7G05V,https://gamma-requester.mturk.com/workers/A1BDPV5H7G05V,1,1,100.00%,0,0,0.00%,0,0,0.00%,1,,,,,,,,,,,,,,,,100,,,,,,,,0,,0,,,,,,,,,,,,Never Blocked,,
257,A1BDVBVNOQFMUR,https://gamma-requester.mturk.com/workers/A1BDVBVNOQFMUR,1,1,100.00%,0,0,0.00%,0,0,0.00%,1,,,,,,,,,,,,,,,,100,,,,,,,,0,,0,,,,,,,,,,,,Never Blocked,,
258,A1BFIV6NMCYFCL,https://gamma-requester.mturk.com/workers/A1BFIV6NMCYFCL,2,1,50.00%,0,0,0.00%,0,0,0.00%,,,,,,,,,1,,,,,,,,1,,,,,,,,,,,,,,,,,,,,,,Never Blocked,,
259,A1BH4K9Z8JWLZ1,https://gamma-requester.mturk.com/workers/A1BH4K9Z8JWLZ1,1,1,100.00%,0,0,0.00%,0,0,0.00%,,,,,,,,,,,,,,,,,100,,,,,,,,,,,,,,,,,,,,,,Never Blocked,,
260,A1BIOL31US5D9,https://gamma-requester.mturk.com/workers/A1BIOL31US5D9,1,1,100.00%,0,0,0.00%,0,0,0.00%,1,,,,,,,,,,,,,,,,100,,,,,,,,0,,0,,,,,,,,,,,,Never Blocked,,
261,A1BIQ7PGCKWEUO,https://gamma-requester.mturk.com/workers/A1BIQ7PGCKWEUO,1,1,100.00%,0,0,0.00%,0,0,0.00%,1,,,,,,,,,,,,,,,,100,,,,,,,,0,,0,,,,,,,,,,,,Never Blocked,,
262,A1BJ5I0SGP39GZ,https://gamma-requester.mturk.com/workers/A1BJ5I0SGP39GZ,1,1,100.00%,0,0,0.00%,0,0,0.00%,,,,,,,,,,,1,,,,,,1,,,,,,,,,,,,,,,,,,,,,,Never Blocked,,
263,A1BLDWE3JYO1O,https://gamma-requester.mturk.com/workers/A1BLDWE3JYO1O,1,1,100.00%,0,0,0.00%,0,0,0.00%,,,,,,,,,,,,,,,1,,,,,,,,1,,,,,,,,,,,,,,,,Never Blocked,,
264,A1BM11Y4W27OUR,https://gamma-requester.mturk.com/workers/A1BM11Y4W27OUR,2,2,100.00%,0,0,0.00%,0,0,0.00%,,,,,,,,,1,,,,,,,,1,,,,,,,,,,,,,,,,,,,,,,Never Blocked,,
265,A1BM57TUNAQIXM,https://gamma-requester.mturk.com/workers/A1BM57TUNAQIXM,1,1,100.00%,0,0,0.00%,0,0,0.00%,1,,,,,,,,,,,,,,,,100,,,,,,,,0,,0,,,,,,,,,,1,,Never Blocked,,
266,A1BQLX0A4W8A8,https://gamma-requester.mturk.com/workers/A1BQLX0A4W8A8,2,2,100.00%,0,0,0.00%,0,0,0.00%,,,,,,,,,,,,,,,1,,,,,,,,1,,,,,,,,,,,,,,,,Never Blocked,,
267,A1BRJXBMTURQNT,https://gamma-requester.mturk.com/workers/A1BRJXBMTURQNT,1,1,100.00%,0,0,0.00%,0,0,0.00%,,,,,,,,,,,,,,,,,,,,,,,,,,,,,,,,,,,1,,,,Never Blocked,,
268,A1BSVEBYDZ0AAU,https://gamma-requester.mturk.com/workers/A1BSVEBYDZ0AAU,1,1,100.00%,0,0,0.00%,0,0,0.00%,1,,,,,,,,,,,,,,,,100,,,,,,,,0,,0,,,,,,,,,,,,Never Blocked,,
269,A1BUNT3VJFLXD0,https://gamma-requester.mturk.com/workers/A1BUNT3VJFLXD0,1,1,100.00%,0,0,0.00%,0,0,0.00%,1,,,,,,,,,,,,,,,,100,,,,,,,,0,,0,,,,,,,,,,1,,Never Blocked,,
270,A1BZNPQ0H7ZSER,https://gamma-requester.mturk.com/workers/A1BZNPQ0H7ZSER,1,1,100.00%,0,0,0.00%,0,0,0.00%,1,,,,,,,,,,,,,,,,100,,,,,,,,0,,0,,,,,,,,,,1,,Never Blocked,,
271,A1C2XGJAYMIB5E,https://gamma-requester.mturk.com/workers/A1C2XGJAYMIB5E,1,1,100.00%,0,0,0.00%,0,0,0.00%,1,,,,,,,,,,,,,,,,100,,,,,,,,0,,0,,,,,,,,,,,,Never Blocked,,
272,A1C3BEKJWUNCVY,https://gamma-requester.mturk.com/workers/A1C3BEKJWUNCVY,1,1,100.00%,0,0,0.00%,0,0,0.00%,1,,,,,,,,,,,,,,,,100,,,,,,,,0,,0,,,,,,,,,,1,,Never Blocked,,
273,A1C3IJCMZ66VD2,https://gamma-requester.mturk.com/workers/A1C3IJCMZ66VD2,2,2,100.00%,0,0,0.00%,0,0,0.00%,,,,,,,,,1,,,,,,,,1,,,,,,,,,,,,,,,,,,,,,,Never Blocked,,
274,A1C4TOGS0NS8K9,https://gamma-requester.mturk.com/workers/A1C4TOGS0NS8K9,2,2,100.00%,0,0,0.00%,0,0,0.00%,,,,,,,,,1,,,,,,,,1,,,,,,,,,,,,,,,,,,,,,,Never Blocked,,
275,A1C508BB6CF8VR,https://gamma-requester.mturk.com/workers/A1C508BB6CF8VR,1,1,100.00%,0,0,0.00%,0,0,0.00%,,,,,,,,,,,,,,,,,,,,,,,,,,,,,,,,,,,1,,,,Never Blocked,,
276,A1C7PC5GBM20ZD,https://gamma-requester.mturk.com/workers/A1C7PC5GBM20ZD,2,1,50.00%,0,0,0.00%,0,0,0.00%,,,,,,,,,,,1,,,,,,1,,,,,,,,,,,,,,,,,,,,,,Never Blocked,,
277,A1CA2CKNFKL1H5,https://gamma-requester.mturk.com/workers/A1CA2CKNFKL1H5,1,1,100.00%,0,0,0.00%,0,0,0.00%,,,,,,,,,,,,,,,,,100,,,,,,,,,,,,,,,,,,,,,,Never Blocked,,
278,A1CAAXQDIYQUUW,https://gamma-requester.mturk.com/workers/A1CAAXQDIYQUUW,1,1,100.00%,0,0,0.00%,0,0,0.00%,1,,,,,,,,,,,,,,,,100,,,,,,,,0,,0,,,,,,,,,,,,Never Blocked,,
279,A1CB72B51L7TKE,https://gamma-requester.mturk.com/workers/A1CB72B51L7TKE,1,1,100.00%,0,0,0.00%,0,0,0.00%,1,,,,,,,,,,,,,,,,100,,,,,,,,0,,0,,,,,,1,,,,,,Never Blocked,,
280,A1CE2XPYCDRHVZ,https://gamma-requester.mturk.com/workers/A1CE2XPYCDRHVZ,3,3,100.00%,0,0,0.00%,0,0,0.00%,1,,,,,,,,,,,,,,,,100,,,,,,,,0,,0,,1,,1,,1,,,,,,Never Blocked,,
281,A1CFMY4CEYOM8Y,https://gamma-requester.mturk.com/workers/A1CFMY4CEYOM8Y,4,4,100.00%,0,0,0.00%,0,0,0.00%,1,,,,,,,,,,,,,,,,100,,,,,,,,0,,1,,1,,1,,1,,,,,,Never Blocked,,
282,A1CN6NFZRBEOHS,https://gamma-requester.mturk.com/workers/A1CN6NFZRBEOHS,1,0,0.00%,0,0,0.00%,0,0,0.00%,,,,,,,,,,,,,,,,,,,,,,,,,,,,,,,,,,,,,,,Never Blocked,,
283,A1CO6WEMGNCE4K,https://gamma-requester.mturk.com/workers/A1CO6WEMGNCE4K,3,2,66.67%,0,0,0.00%,0,0,0.00%,,,,,,,,,,,1,,,,,,1,,,,,,,,,,,,,,,,,,,,,,Never Blocked,,
284,A1CPJ9Q4UQ0FZ3,https://gamma-requester.mturk.com/workers/A1CPJ9Q4UQ0FZ3,1,1,100.00%,0,0,0.00%,0,0,0.00%,1,,,,,,,,,,,,,,,,100,,,,,,,,0,,0,,,,,,1,,,,,,Never Blocked,,
285,A1CPVTZAK27YSF,https://gamma-requester.mturk.com/workers/A1CPVTZAK27YSF,1,1,100.00%,0,0,0.00%,0,0,0.00%,1,,,,,,,,,,,,,,,,100,,,,,,,,0,,0,,,,,,1,,,,,,Never Blocked,,
286,A1CQGJ6433Q68G,https://gamma-requester.mturk.com/workers/A1CQGJ6433Q68G,1,1,100.00%,0,0,0.00%,0,0,0.00%,,,,,,,,,,,,,,,1,,,,,,,,1,,,,,,,,,,,,,,,,Never Blocked,,
287,A1CT5YVQ1CKUV6,https://gamma-requester.mturk.com/workers/A1CT5YVQ1CKUV6,2,2,100.00%,0,0,0.00%,0,0,0.00%,1,,,,,,,,,,,,,,,,100,,,,,,,,0,,0,,,,1,,1,,,,,,Never Blocked,,
288,A1CUCEYT4XN51I,https://gamma-requester.mturk.com/workers/A1CUCEYT4XN51I,1,1,100.00%,0,0,0.00%,0,0,0.00%,,,,,,,,,,,,,,,,,100,,,,,,,,,,,,,,,,,,,,,,Never Blocked,,
289,A1CX7EWQ6PBWLF,https://gamma-requester.mturk.com/workers/A1CX7EWQ6PBWLF,1,1,100.00%,0,0,0.00%,0,0,0.00%,,,,,,,,,,,,,,,,,,,,,,,,,,,,,,,,,,,,,,,Never Blocked,,
290,A1CYSGVB90E67S,https://gamma-requester.mturk.com/workers/A1CYSGVB90E67S,1,1,100.00%,0,0,0.00%,0,0,0.00%,1,,,,,,,,,,,,,,,,100,,,,,,,,0,,0,,,,,,,,,,,,Never Blocked,,
291,A1CZ2GB5LZ9O5H,https://gamma-requester.mturk.com/workers/A1CZ2GB5LZ9O5H,1,1,100.00%,0,0,0.00%,0,0,0.00%,1,,,,,,,,,,,,,,,,100,,,,,,,,0,,0,,,,,,1,,,,,,Never Blocked,,
292,A1D1C4GW2Y88LW,https://gamma-requester.mturk.com/workers/A1D1C4GW2Y88LW,1,1,100.00%,0,0,0.00%,0,0,0.00%,,,,,,,,,,,,,,,,,,,,,,,,,,,,,,,,,,,,,,,Never Blocked,,
293,A1D26DHX9CDRGI,https://gamma-requester.mturk.com/workers/A1D26DHX9CDRGI,1,1,100.00%,0,0,0.00%,0,0,0.00%,,,,,,,,,,,,,,,,,,,,,,,,,,,,,,,,,,,,,,,Never Blocked,,
294,A1D2JWRADNJ7B8,https://gamma-requester.mturk.com/workers/A1D2JWRADNJ7B8,1,1,100.00%,1,1,100.00%,0,0,0.00%,,,,,,,,,,,,,1,,,,,,,,,,,,,,,,,,,,,,,,,,Never Blocked,,
295,A1D49NVJ3PJDJ2,https://gamma-requester.mturk.com/workers/A1D49NVJ3PJDJ2,1,1,100.00%,0,0,0.00%,0,0,0.00%,1,,,,,,,,,,,,,,,,100,,,,,,,,0,,0,,,,,,,,,,,,Never Blocked,,
296,A1D8EUOJW3MX7N,https://gamma-requester.mturk.com/workers/A1D8EUOJW3MX7N,3,3,100.00%,0,0,0.00%,0,0,0.00%,,,,,,,,,,,1,,,,,,1,,,,,,,,,,,,,,,,,,,,,,Never Blocked,,
297,A1DAU187NK9I4M,https://gamma-requester.mturk.com/workers/A1DAU187NK9I4M,1,1,100.00%,0,0,0.00%,0,0,0.00%,1,,,,,,,,,,,,,,,,100,,,,,,,,0,,0,,,,,,,,,,1,,Never Blocked,,
298,A1DDAQCVGS3P5W,https://gamma-requester.mturk.com/workers/A1DDAQCVGS3P5W,1,1,100.00%,0,0,0.00%,0,0,0.00%,,,,,,,,,,,,,,,1,,,,,,,,1,,,,,,,,,,,,,,,,Never Blocked,,
299,A1DDWUJ5R357SW,https://gamma-requester.mturk.com/workers/A1DDWUJ5R357SW,1,1,100.00%,0,0,0.00%,0,0,0.00%,,,,,,,,,,,,,,,1,,,,,,,,1,,,,,,,,,,,,,,,,Never Blocked,,
300,A1DEYILIW8BKPC,https://gamma-requester.mturk.com/workers/A1DEYILIW8BKPC,1,1,100.00%,0,0,0.00%,0,0,0.00%,,,,,,,,,,,,,,,,,100,,,,,,,,,,,,,,,,,,,,,,Never Blocked,,
301,A1DIOT6SG0NJU6,https://gamma-requester.mturk.com/workers/A1DIOT6SG0NJU6,1,1,100.00%,0,0,0.00%,0,0,0.00%,1,,,,,,,,,,,,,,,,100,,,,,,,,0,,0,,,,,,,,,,1,,Never Blocked,,
302,A1DIW2K1J89CMO,https://gamma-requester.mturk.com/workers/A1DIW2K1J89CMO,1,1,100.00%,0,0,0.00%,0,0,0.00%,1,,,,,,,,,,,,,,,,100,,,,,,,,0,,0,,,,,,,,,,1,,Never Blocked,,
303,A1DIYFGQT1QDV2,https://gamma-requester.mturk.com/workers/A1DIYFGQT1QDV2,3,3,100.00%,0,0,0.00%,0,0,0.00%,,,,,,,,,,,,,,,1,,1,,,,,,1,,,,,,,,,,,,,,,,Never Blocked,,
304,A1DKVUTOBPQH11,https://gamma-requester.mturk.com/workers/A1DKVUTOBPQH11,1,1,100.00%,0,0,0.00%,0,0,0.00%,1,,,,,,,,,,,,,,,,100,,,,,,,,0,,0,,,,,,,,,,1,,Never Blocked,,
305,A1DLWQ133PT5DH,https://gamma-requester.mturk.com/workers/A1DLWQ133PT5DH,3,3,100.00%,0,0,0.00%,0,0,0.00%,1,,,,,,,,,,,,,,,,100,,,,,,,,0,,0,,1,,1,,1,,,,,,Never Blocked,,
306,A1DS5O8MSI3ZH0,https://gamma-requester.mturk.com/workers/A1DS5O8MSI3ZH0,1,1,100.00%,0,0,0.00%,0,0,0.00%,1,,,,,,,,,,,,,,,,100,,,,,,,,0,,0,,,,,,,,,,1,,Never Blocked,,
307,A1DSX9D6RYN2TD,https://gamma-requester.mturk.com/workers/A1DSX9D6RYN2TD,1,1,100.00%,0,0,0.00%,0,0,0.00%,,,,,,,,,,,,,,,,,,,,,,,,,,,,,,,,,,,1,,,,Never Blocked,,
308,A1DVOYQWHUWRPH,https://gamma-requester.mturk.com/workers/A1DVOYQWHUWRPH,1,1,100.00%,0,0,0.00%,0,0,0.00%,1,,,,,,,,,,,,,,,,100,,,,,,,,0,,0,,,,,,,,,,,,Never Blocked,,
309,A1DX0Z20W07YOR,https://gamma-requester.mturk.com/workers/A1DX0Z20W07YOR,1,1,100.00%,0,0,0.00%,0,0,0.00%,1,,,,,,,,,,,,,,,,100,,,,,,,,0,,0,,,,,,,,,,1,,Never Blocked,,
310,A1DXDFRHO1A157,https://gamma-requester.mturk.com/workers/A1DXDFRHO1A157,2,2,100.00%,0,0,0.00%,0,0,0.00%,,,,,,,,,,,1,,,,,,1,,,,,,,,,,,,,,,,,,,,,,Never Blocked,,
311,A1DXL97NBCBV8Z,https://gamma-requester.mturk.com/workers/A1DXL97NBCBV8Z,0,0,0.00%,0,0,0.00%,0,0,0.00%,,,,,,,,,,,,,,1,,,,,,,,,,,,,,,,,,,,,,,,,Never Blocked,,
312,A1DYDUTRC563L3,https://gamma-requester.mturk.com/workers/A1DYDUTRC563L3,1,1,100.00%,0,0,0.00%,0,0,0.00%,1,,,,,,,,,,,,,,,,100,,,,,,,,0,,0,,,,,,,,,,,,Never Blocked,,
313,A1DYUYZ17A0613,https://gamma-requester.mturk.com/workers/A1DYUYZ17A0613,4,4,100.00%,0,0,0.00%,0,0,0.00%,1,,,,,,,,,,,,,,,,100,,,,,,,,0,,0,,1,,1,,1,,,,,,Never Blocked,,
314,A1DZMZTXWOM9MR,https://gamma-requester.mturk.com/workers/A1DZMZTXWOM9MR,3,3,100.00%,0,0,0.00%,0,0,0.00%,1,,,,,,,,,,,,,,,,100,,,,1,,,,0,,0,,,,,,,,1,,,,Never Blocked,,
315,A1E6XYQUFB0UXP,https://gamma-requester.mturk.com/workers/A1E6XYQUFB0UXP,2,2,100.00%,0,0,0.00%,0,0,0.00%,1,,,,,,,,,,,,,,,,100,,,,,,,,0,,0,,,,1,,1,,,,,,Never Blocked,,
316,A1EDKVYT9ZCGUH,https://gamma-requester.mturk.com/workers/A1EDKVYT9ZCGUH,1,1,100.00%,0,0,0.00%,0,0,0.00%,1,,,,,,,,,,,,,,,,100,,,,,,,,0,,0,,,,,,,,,,,,Never Blocked,,
317,A1EEEWZZRY3EG4,https://gamma-requester.mturk.com/workers/A1EEEWZZRY3EG4,4,4,100.00%,0,0,0.00%,0,0,0.00%,1,,,,,,,,,,,,,,,,100,,,,,,,,0,,0,,1,,1,,1,,,,,,Never Blocked,,
318,A1EG4DWTRISH7X,https://gamma-requester.mturk.com/workers/A1EG4DWTRISH7X,1,1,100.00%,0,0,0.00%,0,0,0.00%,1,,,,,,,,,,,,,,,,100,,,,,,,,0,,0,,,,,,,,,,,,Never Blocked,,
319,A1EH9BPKYXFBS5,https://gamma-requester.mturk.com/workers/A1EH9BPKYXFBS5,3,3,100.00%,0,0,0.00%,0,0,0.00%,1,,,,,,1,,,,,,,,,,100,,,,,,,,0,,0,,,,1,,1,,,,,,Never Blocked,,
320,A1EIKIHK12UDP0,https://gamma-requester.mturk.com/workers/A1EIKIHK12UDP0,3,3,100.00%,0,0,0.00%,0,0,0.00%,1,,,,,,,,,,,,,,,,100,,,,,,,,0,,0,,1,,1,,1,,,,,,Never Blocked,,
321,A1EK1RN2IS5MJM,https://gamma-requester.mturk.com/workers/A1EK1RN2IS5MJM,1,1,100.00%,0,0,0.00%,0,0,0.00%,1,,,,,,,,,,,,,,,,100,,,,,,,,0,,0,,,,,,,,,,,,Never Blocked,,
322,A1ELPYAFO7MANS,https://gamma-requester.mturk.com/workers/A1ELPYAFO7MANS,1,1,100.00%,0,0,0.00%,0,0,0.00%,1,,,,,,,,,,,,,,,,100,,,,,,,,0,,0,,,,,,,,,,1,,Never Blocked,,
323,A1ENQOWFVY6FX9,https://gamma-requester.mturk.com/workers/A1ENQOWFVY6FX9,1,1,100.00%,0,0,0.00%,0,0,0.00%,,,,,,,,,,,,,,,,,100,,,,,,,,,,,,,,,,,,,,,,Never Blocked,,
324,A1EO7HD58BQXC4,https://gamma-requester.mturk.com/workers/A1EO7HD58BQXC4,0,0,0.00%,0,0,0.00%,0,0,0.00%,,,,,,,,,,,,,,1,,,,,,,,,,,,,,,,,,,,,,,,,Never Blocked,,
325,A1EQ60VAICF0S7,https://gamma-requester.mturk.com/workers/A1EQ60VAICF0S7,5,5,100.00%,0,0,0.00%,0,0,0.00%,1,,,,,,,,,,,,,,,,100,,,,,,,,1,,1,,1,,1,,1,,,,,,Never Blocked,,
326,A1ERB2TD0N3XVN,https://gamma-requester.mturk.com/workers/A1ERB2TD0N3XVN,1,1,100.00%,0,0,0.00%,0,0,0.00%,1,,,,,,,,,,,,,,,,100,,,,,,,,0,,0,,,,,,,,,,,,Never Blocked,,
327,A1ERMRNNR0CZ2Y,https://gamma-requester.mturk.com/workers/A1ERMRNNR0CZ2Y,1,1,100.00%,0,0,0.00%,0,0,0.00%,1,,,,,,,,,,,,,,,,100,,,,,,,,0,,0,,,,,,,,,,1,,Never Blocked,,
328,A1EVUJNSUNXW49,https://gamma-requester.mturk.com/workers/A1EVUJNSUNXW49,1,1,100.00%,0,0,0.00%,0,0,0.00%,,,,,,,,,,,,,,,,,,,,,,,,,,,,,,,,,,,,,,,Never Blocked,,
329,A1F0VEHWK3IAF4,https://gamma-requester.mturk.com/workers/A1F0VEHWK3IAF4,2,2,100.00%,0,0,0.00%,0,0,0.00%,,,,,,,,,,,,,,,1,,,,,,,,,,,,,,,,,,,,,,,,Never Blocked,,
330,A1F1BIPJR11LSR,https://gamma-requester.mturk.com/workers/A1F1BIPJR11LSR,1,1,100.00%,0,0,0.00%,0,0,0.00%,1,,,,,,,,,,,,,,,,100,,,,,,,,0,,0,,,,,,,,,,1,,Never Blocked,,
331,A1F1TBDHPYAAXT,https://gamma-requester.mturk.com/workers/A1F1TBDHPYAAXT,1,1,100.00%,0,0,0.00%,0,0,0.00%,1,,,,,,,,,,,,,,,,100,,,,,,,,0,,0,,,,,,1,,,,,,Never Blocked,,
332,A1F2APQMJSQVFK,https://gamma-requester.mturk.com/workers/A1F2APQMJSQVFK,1,1,100.00%,0,0,0.00%,0,0,0.00%,,,,,,,,,,,,,,,,,100,,,,,,,,,,,,,,,,,,,,,,Never Blocked,,
333,A1F33PWODESS7J,https://gamma-requester.mturk.com/workers/A1F33PWODESS7J,1,1,100.00%,0,0,0.00%,0,0,0.00%,1,,,,,,,,,,,,,,,,100,,,,,,,,0,,0,,,,,,1,,,,,,Never Blocked,,
334,A1F3HF70PF8G97,https://gamma-requester.mturk.com/workers/A1F3HF70PF8G97,2,2,100.00%,0,0,0.00%,0,0,0.00%,,,,,,,,,,,,,,,1,,,,,,,,1,,,,,,,,,,,,,,,,Never Blocked,,
335,A1F5E941TP0UIZ,https://gamma-requester.mturk.com/workers/A1F5E941TP0UIZ,1,1,100.00%,0,0,0.00%,0,0,0.00%,1,,,,,,,,,,,,,,,,100,,,,,,,,0,,0,,,,,,1,,,,,,Never Blocked,,
336,A1F5TK7SV78HV0,https://gamma-requester.mturk.com/workers/A1F5TK7SV78HV0,1,1,100.00%,0,0,0.00%,0,0,0.00%,,,,,,,,,,,,,,,1,,,,,,,,,,,,,,,,,,,,,,,,Never Blocked,,
337,A1F6MWP9A0XLJQ,https://gamma-requester.mturk.com/workers/A1F6MWP9A0XLJQ,5,5,100.00%,0,0,0.00%,0,0,0.00%,1,,,,,,,,,,,,,,,,100,,,,,,,,1,,1,,1,,1,,1,,,,,,Never Blocked,,
338,A1F7WUQ3B7Z69U,https://gamma-requester.mturk.com/workers/A1F7WUQ3B7Z69U,1,1,100.00%,0,0,0.00%,0,0,0.00%,,,,,,,,,,,,,,,1,,,,,,,,,,,,,,,,,,,,,,,,Never Blocked,,
339,A1F81JLE62538O,https://gamma-requester.mturk.com/workers/A1F81JLE62538O,1,1,100.00%,0,0,0.00%,0,0,0.00%,,,,,,,,,,,,,,,,,,,,,,,,,,,,,,,,,,,,,,,Never Blocked,,
340,A1F9KLZGHE9DTA,https://gamma-requester.mturk.com/workers/A1F9KLZGHE9DTA,2,2,100.00%,0,0,0.00%,0,0,0.00%,,,,,,,,,1,,,,,,,,1,,,,,,,,,,,,,,,,,,,,,,Never Blocked,,
341,A1FBI9CPTNYMMR,https://gamma-requester.mturk.com/workers/A1FBI9CPTNYMMR,1,1,100.00%,0,0,0.00%,0,0,0.00%,1,,,,,,,,,,,,,,,,100,,,,,,,,0,,0,,,,,,,,,,,,Never Blocked,,
342,A1FCTM2O25QKL2,https://gamma-requester.mturk.com/workers/A1FCTM2O25QKL2,2,2,100.00%,0,0,0.00%,0,0,0.00%,,,,,,,,,,,1,,,,,,1,,,,,,,,,,,,,,,,,,,,,,Never Blocked,,
343,A1FDK83WDHKO9S,https://gamma-requester.mturk.com/workers/A1FDK83WDHKO9S,2,2,100.00%,0,0,0.00%,0,0,0.00%,,,,,,,,,,,1,,,,,,1,,,,,,,,,,,,,,,,,,,,,,Never Blocked,,
344,A1FDSYERTKDL02,https://gamma-requester.mturk.com/workers/A1FDSYERTKDL02,1,1,100.00%,1,1,100.00%,0,0,0.00%,,,,,,,,,,,,,1,,,,,,,,,,,,,,,,,,,,,,,,,,Never Blocked,,
345,A1FG2G9TZSDN,https://gamma-requester.mturk.com/workers/A1FG2G9TZSDN,5,5,100.00%,0,0,0.00%,0,0,0.00%,1,,,,,,,,,,,,,,,,100,,,,,,,,1,,1,,1,,1,,1,,,,,,Never Blocked,,
346,A1FHKK0RU69RU,https://gamma-requester.mturk.com/workers/A1FHKK0RU69RU,1,1,100.00%,0,0,0.00%,0,0,0.00%,1,,,,,,,,,,,,,,,,100,,,,,,,,0,,0,,,,,,,,,,,,Never Blocked,,
347,A1FJGB5JLZ81XB,https://gamma-requester.mturk.com/workers/A1FJGB5JLZ81XB,4,4,100.00%,0,0,0.00%,0,0,0.00%,,,,,,,,,1,,,,,,,,1,,,,1,,,,,,,,,,,,,,1,,,,Never Blocked,,
348,A1FK9SPQWPKPZ5,https://gamma-requester.mturk.com/workers/A1FK9SPQWPKPZ5,1,1,100.00%,0,0,0.00%,0,0,0.00%,1,,,,,,,,,,,,,,,,100,,,,,,,,0,,0,,,,,,,,,,,,Never Blocked,,
349,A1FKCQ6015OLCI,https://gamma-requester.mturk.com/workers/A1FKCQ6015OLCI,1,1,100.00%,0,0,0.00%,0,0,0.00%,,,,,,,,,,,,,,,,,,,,,1,,,,,,,,,,,,,,,,,,Never Blocked,,
350,A1FLEFIVFT809G,https://gamma-requester.mturk.com/workers/A1FLEFIVFT809G,1,1,100.00%,0,0,0.00%,0,0,0.00%,1,,,,,,,,,,,,,,,,100,,,,,,,,0,,0,,,,,,,,,,1,,Never Blocked,,
351,A1FMVUYV72MUO3,https://gamma-requester.mturk.com/workers/A1FMVUYV72MUO3,3,3,100.00%,0,0,0.00%,0,0,0.00%,,,,,,,,,,,1,,,,,,1,,,,1,,,,,,,,,,,,,,1,,,,Never Blocked,,
352,A1FN28N3CFL552,https://gamma-requester.mturk.com/workers/A1FN28N3CFL552,2,2,100.00%,0,0,0.00%,0,0,0.00%,,,,,,,,,,,,,,,1,,,,,,,,1,,,,,,,,,,,,,,,,Never Blocked,,
353,A1FO1SROGRL5RH,https://gamma-requester.mturk.com/workers/A1FO1SROGRL5RH,1,1,100.00%,0,0,0.00%,0,0,0.00%,1,,,,,,,,,,,,,,,,100,,,,,,,,0,,0,,,,,,1,,,,,,Never Blocked,,
354,A1FQK51ECARQNK,https://gamma-requester.mturk.com/workers/A1FQK51ECARQNK,1,1,100.00%,0,0,0.00%,0,0,0.00%,1,,,,,,,,,,,,,,,,100,,,,,,,,0,,0,,,,,,1,,,,,,Never Blocked,,
355,A1FS8SBR4SDWYG,https://gamma-requester.mturk.com/workers/A1FS8SBR4SDWYG,1,1,100.00%,0,0,0.00%,0,0,0.00%,1,,,,,,,,,,,,,,,,100,,,,,,,,0,,0,,,,,,,,,,1,,Never Blocked,,
356,A1FTU0H0NZ59LW,https://gamma-requester.mturk.com/workers/A1FTU0H0NZ59LW,1,1,100.00%,0,0,0.00%,0,0,0.00%,1,,,,,,,,,,,,,,,,100,,,,,,,,0,,0,,,,,,,,,,1,,Never Blocked,,
357,A1FUWARMP40UX0,https://gamma-requester.mturk.com/workers/A1FUWARMP40UX0,1,1,100.00%,0,0,0.00%,0,0,0.00%,1,,,,,,,,,,,,,,,,100,,,,,,,,0,,0,,,,,,,,,,,,Never Blocked,,
358,A1FXJNN3XFZJ5S,https://gamma-requester.mturk.com/workers/A1FXJNN3XFZJ5S,1,1,100.00%,0,0,0.00%,0,0,0.00%,1,,,,,,,,,,,,,,,,100,,,,,,,,0,,0,,,,,,,,,,,,Never Blocked,,
359,A1FYU2I52RJY1K,https://gamma-requester.mturk.com/workers/A1FYU2I52RJY1K,2,1,50.00%,0,0,0.00%,0,0,0.00%,,,,,,,,,,,1,,,,,,1,,,,,,,,,,,,,,,,,,,,,,Never Blocked,,
360,A1FYWSPNO7KN1O,https://gamma-requester.mturk.com/workers/A1FYWSPNO7KN1O,1,1,100.00%,0,0,0.00%,0,0,0.00%,1,,,,,,,,,,,,,,,,100,,,,,,,,0,,0,,,,,,,,,,1,,Never Blocked,,
361,A1FZ1803WJWRC5,https://gamma-requester.mturk.com/workers/A1FZ1803WJWRC5,1,1,100.00%,0,0,0.00%,0,0,0.00%,1,,,,,,,,,,,,,,,,100,,,,,,,,0,,0,,,,,,,,,,,,Never Blocked,,
362,A1G34TESSXG1R8,https://gamma-requester.mturk.com/workers/A1G34TESSXG1R8,1,1,100.00%,0,0,0.00%,0,0,0.00%,1,,,,,,,,,,,,,,,,100,,,,,,,,0,,0,,,,,,,,,,1,,Never Blocked,,
363,A1G38F99VKAPRI,https://gamma-requester.mturk.com/workers/A1G38F99VKAPRI,1,1,100.00%,0,0,0.00%,0,0,0.00%,1,,,,,,,,,,,,,,,,100,,,,,,,,0,,0,,,,,,,,,,,,Never Blocked,,
364,A1G452MFAS690B,https://gamma-requester.mturk.com/workers/A1G452MFAS690B,1,1,100.00%,0,0,0.00%,0,0,0.00%,1,,,,,,,,,,,,,,,,100,,,,,,,,0,,0,,,,,,,,,,,,Never Blocked,,
365,A1G4T4PGDI1ILT,https://gamma-requester.mturk.com/workers/A1G4T4PGDI1ILT,1,1,100.00%,0,0,0.00%,0,0,0.00%,,,,,,,,,,,1,,,,,,1,,,,,,,,,,,,,,,,,,,,,,Never Blocked,,
366,A1G50D7L1GGZRU,https://gamma-requester.mturk.com/workers/A1G50D7L1GGZRU,1,1,100.00%,0,0,0.00%,0,0,0.00%,,,,,,,,,,,,,,,,,,,,,,,,,,,,,,,,,,,,,,,Never Blocked,,
367,A1G5EPLJEGL381,https://gamma-requester.mturk.com/workers/A1G5EPLJEGL381,5,5,100.00%,0,0,0.00%,0,0,0.00%,1,,,,,,,,,,,,,,,,100,,,,,,,,1,,1,,1,,1,,1,,,,,,Never Blocked,,
368,A1G5PO0BLQPBJ7,https://gamma-requester.mturk.com/workers/A1G5PO0BLQPBJ7,1,1,100.00%,0,0,0.00%,0,0,0.00%,1,,,,,,,,,,,,,,,,100,,,,,,,,0,,0,,,,,,,,,,,,Never Blocked,,
369,A1G5UODTVW13MM,https://gamma-requester.mturk.com/workers/A1G5UODTVW13MM,1,1,100.00%,0,0,0.00%,0,0,0.00%,1,,,,,,,,,,,,,,,,100,,,,,,,,0,,0,,,,,,,,,,1,,Never Blocked,,
370,A1G75OL3VL0RPJ,https://gamma-requester.mturk.com/workers/A1G75OL3VL0RPJ,1,1,100.00%,0,0,0.00%,0,0,0.00%,,,,,,,,,,,,,,,,,100,,,,,,,,,,,,,,,,,,,,,,Never Blocked,,
371,A1G9571XKHWHG3,https://gamma-requester.mturk.com/workers/A1G9571XKHWHG3,1,1,100.00%,0,0,0.00%,0,0,0.00%,1,,,,,,,,,,,,,,,,100,,,,,,,,0,,0,,,,,,,,,,1,,Never Blocked,,
372,A1GIP1O7FBDXXA,https://gamma-requester.mturk.com/workers/A1GIP1O7FBDXXA,1,1,100.00%,0,0,0.00%,0,0,0.00%,1,,,,,,,,,,,,,,,,100,,,,,,,,0,,0,,,,,,,,,,,,Never Blocked,,
373,A1GKC8T4VAUAX1,https://gamma-requester.mturk.com/workers/A1GKC8T4VAUAX1,1,1,100.00%,0,0,0.00%,0,0,0.00%,1,,,,,,,,,,,,,,,,100,,,,,,,,0,,0,,,,,,,,,,1,,Never Blocked,,
374,A1GLLJ59MAKMQS,https://gamma-requester.mturk.com/workers/A1GLLJ59MAKMQS,1,1,100.00%,0,0,0.00%,0,0,0.00%,1,,,,,,,,,,,,,,,,100,,,,,,,,0,,0,,,,,,,,,,1,,Never Blocked,,
375,A1GMCKZTNIBYTR,https://gamma-requester.mturk.com/workers/A1GMCKZTNIBYTR,4,4,100.00%,0,0,0.00%,0,0,0.00%,1,,,,,,,,,,,,,,,,100,,,,,,,,0,,0,,1,,1,,1,,,,,,Never Blocked,,
376,A1GQWLAZQZP5VR,https://gamma-requester.mturk.com/workers/A1GQWLAZQZP5VR,1,1,100.00%,0,0,0.00%,0,0,0.00%,,,,,,,,,,,,,,1,1,,,,,,,,,,,,,,,,,,,,,,,,Never Blocked,,
377,A1GT4NK0VO5RFQ,https://gamma-requester.mturk.com/workers/A1GT4NK0VO5RFQ,1,1,100.00%,0,0,0.00%,0,0,0.00%,1,,,,,,,,,,,,,,,,100,,,,,,,,0,,0,,,,,,,,,,,,Never Blocked,,
378,A1GV1WGA3W6CLG,https://gamma-requester.mturk.com/workers/A1GV1WGA3W6CLG,5,5,100.00%,0,0,0.00%,0,0,0.00%,1,,,,,,,,,,,,,,,,100,,,,,,,,1,,1,,1,,1,,1,,,,,,Never Blocked,,
379,A1GXWTRQ9ZDGGM,https://gamma-requester.mturk.com/workers/A1GXWTRQ9ZDGGM,1,1,100.00%,0,0,0.00%,0,0,0.00%,,,,,,,,,,,,,,,1,,,,,,,,,,,,,,,,,,,,,,,,Never Blocked,,
380,A1GZADBZ6AOYR3,https://gamma-requester.mturk.com/workers/A1GZADBZ6AOYR3,1,1,100.00%,0,0,0.00%,0,0,0.00%,1,,,,,,,,,,,,,,,,100,,,,,,,,0,,0,,,,,,,,,,1,,Never Blocked,,
381,A1GZNVVE3PMM7Y,https://gamma-requester.mturk.com/workers/A1GZNVVE3PMM7Y,1,1,100.00%,0,0,0.00%,0,0,0.00%,1,,,,,,,,,,,,,,,,100,,,,,,,,0,,0,,,,,,,,,,1,,Never Blocked,,
382,A1H198MRIM37T1,https://gamma-requester.mturk.com/workers/A1H198MRIM37T1,2,2,100.00%,0,0,0.00%,0,0,0.00%,1,,,,,,1,,,,,,,,,,100,,,,,,,,0,,0,,,,,,,,1,,1,,Never Blocked,,
383,A1H1TKK54YG94Q,https://gamma-requester.mturk.com/workers/A1H1TKK54YG94Q,1,1,100.00%,0,0,0.00%,0,0,0.00%,1,,,,,,,,,,,,,,,,100,,,,,,,,0,,0,,,,,,1,,,,,,Never Blocked,,
384,A1H2GW6SPKOQFW,https://gamma-requester.mturk.com/workers/A1H2GW6SPKOQFW,1,1,100.00%,0,0,0.00%,0,0,0.00%,1,,,,,,,,,,,,,,,,100,,,,,,,,0,,0,,,,,,,,,,,,Never Blocked,,
385,A1H4F5FT5QD1AF,https://gamma-requester.mturk.com/workers/A1H4F5FT5QD1AF,1,1,100.00%,0,0,0.00%,0,0,0.00%,1,,,,,,,,,,,,,,,,100,,,,,,,,0,,0,,,,,,1,,,,,,Never Blocked,,
386,A1H4GJFI4NJWKV,https://gamma-requester.mturk.com/workers/A1H4GJFI4NJWKV,5,5,100.00%,0,0,0.00%,0,0,0.00%,1,,,,,,,,,,,,,,,,100,,,,,,,,1,,1,,1,,1,,1,,,,,,Never Blocked,,
387,A1H72Y9Z5NJXDS,https://gamma-requester.mturk.com/workers/A1H72Y9Z5NJXDS,5,5,100.00%,0,0,0.00%,0,0,0.00%,1,,,,,,,,,,,,,,,,100,,,,,,,,1,,1,,1,,1,,1,,,,,,Never Blocked,,
388,A1HCJKXZTLF6VI,https://gamma-requester.mturk.com/workers/A1HCJKXZTLF6VI,1,1,100.00%,0,0,0.00%,0,0,0.00%,,,,,,,,,,,,,,,,,,,,,1,,,,,,,,,,,,,,,,,,Never Blocked,,
389,A1HDCZY4EYRMSF,https://gamma-requester.mturk.com/workers/A1HDCZY4EYRMSF,3,3,100.00%,0,0,0.00%,0,0,0.00%,1,,,,,,,,,,,,,,,,100,,,,,,,,0,,0,,1,,1,,1,,,,,,Never Blocked,,
390,A1HEP1HHV5P5Z4,https://gamma-requester.mturk.com/workers/A1HEP1HHV5P5Z4,4,4,100.00%,0,0,0.00%,0,0,0.00%,1,,,,,,,,,,,,,,,,100,,,,,,,,0,,0,,1,,1,,1,,,,,,Never Blocked,,
391,A1HG8X94R5JJIX,https://gamma-requester.mturk.com/workers/A1HG8X94R5JJIX,3,3,100.00%,0,0,0.00%,0,0,0.00%,,,,,,,,,,,1,,,,,,1,,,,,,,,,,,,,,,,,,,,,,Never Blocked,,
392,A1HGAQE98IQ24R,https://gamma-requester.mturk.com/workers/A1HGAQE98IQ24R,1,1,100.00%,0,0,0.00%,0,0,0.00%,1,,,,,,,,,,,,,,,,100,,,,,,,,0,,0,,,,,,,,,,,,Never Blocked,,
393,A1HLQV5HX3WUK4,https://gamma-requester.mturk.com/workers/A1HLQV5HX3WUK4,1,1,100.00%,0,0,0.00%,0,0,0.00%,,,,,,,,,,,,,,,1,,,,,,,,1,,,,,,,,,,,,,,,,Never Blocked,,
394,A1HTR3THFK84RM,https://gamma-requester.mturk.com/workers/A1HTR3THFK84RM,1,1,100.00%,0,0,0.00%,0,0,0.00%,,,,,,,,,,,,,,,,,,,,,,,,,,,,,,,,,,,,,,,Never Blocked,,
395,A1HUQ7QA5QWM5Q,https://gamma-requester.mturk.com/workers/A1HUQ7QA5QWM5Q,2,2,100.00%,1,1,100.00%,0,0,0.00%,,,,,,,,,,,,,1,,,,1,,,,,,,,,,,,,,,,,,,,,,Never Blocked,,
396,A1I0DV4B4MFQCL,https://gamma-requester.mturk.com/workers/A1I0DV4B4MFQCL,1,1,100.00%,0,0,0.00%,0,0,0.00%,1,,,,,,,,,,,,,,,,100,,,,,,,,0,,0,,,,,,,,,,1,,Never Blocked,,
397,A1I0LYDWQ5B7Z5,https://gamma-requester.mturk.com/workers/A1I0LYDWQ5B7Z5,1,1,100.00%,0,0,0.00%,0,0,0.00%,1,,,,,,,,,,,,,,,,100,,,,,,,,0,,0,,,,,,,,,,,,Never Blocked,,
398,A1I1IMZ2ROJY3I,https://gamma-requester.mturk.com/workers/A1I1IMZ2ROJY3I,2,2,100.00%,0,0,0.00%,0,0,0.00%,,,,,,,,,,,,,,,,,1,,,,,,,,,,,,,,,,,,,,,,Never Blocked,,
399,A1I5KX8TP3K5L2,https://gamma-requester.mturk.com/workers/A1I5KX8TP3K5L2,2,2,100.00%,0,0,0.00%,0,0,0.00%,,,,,,,1,,,,,,,,,,,,,,,,,,,,,,,,,,,,,,,,Never Blocked,,
400,A1I7H6RDJS4EKN,https://gamma-requester.mturk.com/workers/A1I7H6RDJS4EKN,2,2,100.00%,0,0,0.00%,0,0,0.00%,,,,,,,,,,,,,,,,,,,,,,,,,,,,,,,,,,,,,,,Never Blocked,,
401,A1I9RLJQ0BYN21,https://gamma-requester.mturk.com/workers/A1I9RLJQ0BYN21,2,2,100.00%,0,0,0.00%,0,0,0.00%,,,,,,,,,,,,,,,1,,100,,,,,,,,,,,,,,,,,,,,,,Never Blocked,,
402,A1IA065HXI6461,https://gamma-requester.mturk.com/workers/A1IA065HXI6461,1,0,0.00%,0,0,0.00%,0,0,0.00%,,,,,,,,,,,,,,,,,,,,,,,,,,,,,,,,,,,,,,,Never Blocked,,
403,A1IAMNSZB9U4Z1,https://gamma-requester.mturk.com/workers/A1IAMNSZB9U4Z1,1,1,100.00%,0,0,0.00%,0,0,0.00%,1,,,,,,,,,,,,,,,,100,,,,,,,,0,,0,,,,,,,,,,1,,Never Blocked,,
404,A1IBLFQ2E6VA2J,https://gamma-requester.mturk.com/workers/A1IBLFQ2E6VA2J,5,5,100.00%,0,0,0.00%,0,0,0.00%,1,,,,,,,,,,,,,,,,100,,,,,,,,1,,1,,1,,1,,1,,,,,,Never Blocked,,
405,A1IBY7KXFHJ2U2,https://gamma-requester.mturk.com/workers/A1IBY7KXFHJ2U2,1,1,100.00%,0,0,0.00%,0,0,0.00%,,,,,,,,,,,,,,,1,,1,,,,,,,,,,,,,,,,,,,,,,Never Blocked,,
406,A1IDP5YMUOTMH1,https://gamma-requester.mturk.com/workers/A1IDP5YMUOTMH1,1,1,100.00%,0,0,0.00%,0,0,0.00%,,,,,,,,,,,,,,,,,1,,,,,,,,,,,,,,,,,,,,,,Never Blocked,,
407,A1IGKJ200N82S9,https://gamma-requester.mturk.com/workers/A1IGKJ200N82S9,1,1,100.00%,0,0,0.00%,0,0,0.00%,,,,,,,,,,,,,,,,,1,,,,,,,,,,,,,,,,,,,,,,Never Blocked,,
408,A1IHEKZWQAQFMJ,https://gamma-requester.mturk.com/workers/A1IHEKZWQAQFMJ,1,1,100.00%,0,0,0.00%,0,0,0.00%,1,,,,,,,,,,,,,,,,100,,,,,,,,0,,0,,,,,,,,,,,,Never Blocked,,
409,A1IHZABAVTUOXQ,https://gamma-requester.mturk.com/workers/A1IHZABAVTUOXQ,4,4,100.00%,0,0,0.00%,0,0,0.00%,1,,,,,,,,,,,,,,,,100,,,,,,,,0,,1,,1,,1,,1,,,,,,Never Blocked,,
410,A1IIF95II8FISQ,https://gamma-requester.mturk.com/workers/A1IIF95II8FISQ,1,1,100.00%,0,0,0.00%,0,0,0.00%,1,,,,,,,,,,,,,,,,100,,,,,,,,0,,0,,,,,,,,,,,,Never Blocked,,
411,A1IK7551RCII0C,https://gamma-requester.mturk.com/workers/A1IK7551RCII0C,4,4,100.00%,0,0,0.00%,0,0,0.00%,1,,,,,,,,,,,,,,,,100,,,,,,,,0,,0,,1,,1,,1,,,,,,Never Blocked,,
412,A1ILCIHMXPNTMT,https://gamma-requester.mturk.com/workers/A1ILCIHMXPNTMT,2,2,100.00%,0,0,0.00%,0,0,0.00%,,,,,,,,,,,1,,,1,,,1,,,,,,,,,,,,,,,,,,,,,,Never Blocked,,
413,A1IMLTXT2RBEFO,https://gamma-requester.mturk.com/workers/A1IMLTXT2RBEFO,1,1,100.00%,0,0,0.00%,0,0,0.00%,,,,,,,,,,,,,,,1,,,,,,,,1,,,,,,,,,,,,,,,,Never Blocked,,
414,A1INIU5LAP6Z4J,https://gamma-requester.mturk.com/workers/A1INIU5LAP6Z4J,5,5,100.00%,0,0,0.00%,0,0,0.00%,1,,,,,,,,,,,,,,,,100,,,,,,,,1,,1,,1,,1,,1,,,,,,Never Blocked,,
415,A1IQMLM2LGOKJ0,https://gamma-requester.mturk.com/workers/A1IQMLM2LGOKJ0,1,1,100.00%,0,0,0.00%,0,0,0.00%,,,,,,,,,,,,,,,1,,,,,,,,,,,,,,,,,,,,,,,,Never Blocked,,
416,A1IS0218RVG60K,https://gamma-requester.mturk.com/workers/A1IS0218RVG60K,1,1,100.00%,0,0,0.00%,0,0,0.00%,1,,,,,,,,,,,,,,,,100,,,,,,,,0,,0,,,,,,,,,,1,,Never Blocked,,
417,A1ITEGLA8ZQ8TL,https://gamma-requester.mturk.com/workers/A1ITEGLA8ZQ8TL,1,1,100.00%,0,0,0.00%,0,0,0.00%,1,,,,,,,,,,,,,,,,100,,,,,,,,0,,0,,,,,,,,,,,,Never Blocked,,
418,A1IWRYUOVXAB0Z,https://gamma-requester.mturk.com/workers/A1IWRYUOVXAB0Z,5,5,100.00%,0,0,0.00%,0,0,0.00%,1,,,,,,,,,,,,,,,,100,,,,,,,,1,,1,,1,,1,,1,,,,,,Never Blocked,,
419,A1IXVPKQT4DXTG,https://gamma-requester.mturk.com/workers/A1IXVPKQT4DXTG,1,1,100.00%,0,0,0.00%,0,0,0.00%,1,,,,,,,,,,,,,,,,100,,,,,,,,0,,0,,,,,,,,,,,,Never Blocked,,
420,A1J2KT39T9KW6S,https://gamma-requester.mturk.com/workers/A1J2KT39T9KW6S,1,1,100.00%,0,0,0.00%,0,0,0.00%,,,,,,,,,,,,,,,,,100,,,,,,,,,,,,,,,,,,,,,,Never Blocked,,
421,A1J39RAV7TKEMF,https://gamma-requester.mturk.com/workers/A1J39RAV7TKEMF,1,1,100.00%,0,0,0.00%,0,0,0.00%,,,,,,,,,,,,,,,,,100,,,,,,,,,,,,,,,,,,,,,,Never Blocked,,
422,A1J4N2SE30LCUH,https://gamma-requester.mturk.com/workers/A1J4N2SE30LCUH,5,5,100.00%,0,0,0.00%,0,0,0.00%,1,,,,,,,,,,,,,,,,100,,,,,,,,1,,1,,1,,1,,1,,,,,,Never Blocked,,
423,A1J7C4V2AZSHQX,https://gamma-requester.mturk.com/workers/A1J7C4V2AZSHQX,2,2,100.00%,0,0,0.00%,0,0,0.00%,1,,,,,,,,,,,,,,,,100,,,,,,,,0,,0,,,,,,,,,,,,Never Blocked,,
424,A1JI0F65S0Y0EG,https://gamma-requester.mturk.com/workers/A1JI0F65S0Y0EG,5,5,100.00%,0,0,0.00%,0,0,0.00%,1,,,,,,,,,,,,,,,,100,,,,,,,,1,,1,,1,,1,,1,,,,,,Never Blocked,,
425,A1JJYY622DGE5L,https://gamma-requester.mturk.com/workers/A1JJYY622DGE5L,3,3,100.00%,0,0,0.00%,0,0,0.00%,,,,,,,,,1,,,,,,,,1,,,,1,,,,,,,,,,,,,,,,,,Never Blocked,,
426,A1JLSWEISM2DWE,https://gamma-requester.mturk.com/workers/A1JLSWEISM2DWE,1,1,100.00%,0,0,0.00%,0,0,0.00%,,,,,,,,,,,,,,,,,1,,,,,,,,,,,,,,,,,,,,,,Never Blocked,,
427,A1JQV2V5NSONX6,https://gamma-requester.mturk.com/workers/A1JQV2V5NSONX6,1,1,100.00%,1,1,100.00%,1,1,100.00%,,,,,,,,,,,,,1,,,,,,,,,,,,,,,,,,,,,,,,,,Never Blocked,,
428,A1JRP31XJIU7NV,https://gamma-requester.mturk.com/workers/A1JRP31XJIU7NV,1,1,100.00%,0,0,0.00%,0,0,0.00%,1,,,,,,,,,,,,,,,,100,,,,,,,,0,,0,,,,,,,,,,,,Never Blocked,,
429,A1JSN78RBI78KK,https://gamma-requester.mturk.com/workers/A1JSN78RBI78KK,1,1,100.00%,0,0,0.00%,0,0,0.00%,1,,,,,,,,,,,,,,,,100,,,,,,,,0,,0,,,,,,,,,,1,,Never Blocked,,
430,A1JSTMN1SO5C5U,https://gamma-requester.mturk.com/workers/A1JSTMN1SO5C5U,1,1,100.00%,1,1,100.00%,1,1,100.00%,,,,,,,,,,,,,1,,,,,,,,,,,,,,,,,,,,,,,,,,Never Blocked,,
431,A1JT6ZF5PMQBM1,https://gamma-requester.mturk.com/workers/A1JT6ZF5PMQBM1,1,1,100.00%,0,0,0.00%,0,0,0.00%,,,,,,,,,,,,,,,,,,,,,,,,,,,,,,,,,,,,,,,Never Blocked,,
432,A1JWKT0IS06YKL,https://gamma-requester.mturk.com/workers/A1JWKT0IS06YKL,2,2,100.00%,0,0,0.00%,0,0,0.00%,,,,,,,,,,,1,,,,,,1,,,,,,,,,,,,,,,,,,,,,,Never Blocked,,
433,A1K4FKVCBTX1RN,https://gamma-requester.mturk.com/workers/A1K4FKVCBTX1RN,1,1,100.00%,0,0,0.00%,0,0,0.00%,,,,,,,,,,,,,,,,,1,,,,,,,,,,,,,,,,,,,,,,Never Blocked,,
434,A1K4RESK1XUMQA,https://gamma-requester.mturk.com/workers/A1K4RESK1XUMQA,1,1,100.00%,0,0,0.00%,0,0,0.00%,,,,,,,,,,,,,,,,,1,,,,,,,,,,,,,,,,,,,,,,Never Blocked,,
435,A1K7FKUQ1EHVAZ,https://gamma-requester.mturk.com/workers/A1K7FKUQ1EHVAZ,0,0,0.00%,0,0,0.00%,0,0,0.00%,,,,,,,,,,,,,,1,,,,,,,,,,,,,,,,,,,,,,,,,Never Blocked,,
436,A1K8LPVDPWZSF9,https://gamma-requester.mturk.com/workers/A1K8LPVDPWZSF9,1,1,100.00%,0,0,0.00%,0,0,0.00%,1,,,,,,,,,,,,,,,,100,,,,,,,,0,,0,,,,,,,,,,1,,Never Blocked,,
437,A1KDWFKTPB9LHM,https://gamma-requester.mturk.com/workers/A1KDWFKTPB9LHM,1,1,100.00%,0,0,0.00%,0,0,0.00%,1,,,,,,,,,,,,,,,,100,,,,,,,,0,,0,,,,,,,,,,,,Never Blocked,,
438,A1KJMJ0HQ09GUA,https://gamma-requester.mturk.com/workers/A1KJMJ0HQ09GUA,1,1,100.00%,0,0,0.00%,0,0,0.00%,1,,,,,,,,,,,,,,,,100,,,,,,,,0,,0,,,,,,,,,,,,Never Blocked,,
439,A1KKGUUNKT870M,https://gamma-requester.mturk.com/workers/A1KKGUUNKT870M,1,1,100.00%,0,0,0.00%,0,0,0.00%,1,,,,,,,,,,,,,,,,100,,,,,,,,0,,0,,,,,,1,,,,,,Never Blocked,,
440,A1KKPOKUS3PUC4,https://gamma-requester.mturk.com/workers/A1KKPOKUS3PUC4,1,1,100.00%,0,0,0.00%,0,0,0.00%,1,,,,,,,,,,,,,,,,100,,,,,,,,0,,0,,,,,,,,,,,,Never Blocked,,
441,A1KLAGM9CCOFBN,https://gamma-requester.mturk.com/workers/A1KLAGM9CCOFBN,2,2,100.00%,0,0,0.00%,0,0,0.00%,1,,,,,,,,,,,,,,,,100,,,,,,,,0,,0,,,,,,,,,,,,Never Blocked,,
442,A1KOHXO0BIQB8T,https://gamma-requester.mturk.com/workers/A1KOHXO0BIQB8T,1,1,100.00%,0,0,0.00%,0,0,0.00%,1,,,,,,,,,,,,,,,,100,,,,,,,,0,,0,,,,,,1,,,,,,Never Blocked,,
443,A1KQ8B4I4ADUPX,https://gamma-requester.mturk.com/workers/A1KQ8B4I4ADUPX,1,1,100.00%,0,0,0.00%,0,0,0.00%,1,,,,,,,,,,,,,,,,100,,,,,,,,0,,0,,,,,,,,,,,,Never Blocked,,
444,A1KR5B9ABZ7U4O,https://gamma-requester.mturk.com/workers/A1KR5B9ABZ7U4O,1,1,100.00%,0,0,0.00%,0,0,0.00%,,,,,,,,,,,,,,,,,100,,,,,,,,,,,,,,,,,,,,,,Never Blocked,,
445,A1KRXY4629AK58,https://gamma-requester.mturk.com/workers/A1KRXY4629AK58,1,1,100.00%,0,0,0.00%,0,0,0.00%,,,,,,,,,,,,,,,,,,,,,,,,,,,,,,,,,,,,,,,Never Blocked,,
446,A1KS9LITOVPAT8,https://gamma-requester.mturk.com/workers/A1KS9LITOVPAT8,1,1,100.00%,0,0,0.00%,0,0,0.00%,1,,,,,,,,,,,,,,,,100,,,,,,,,0,,0,,,,,,,,,,1,,Never Blocked,,
447,A1KTZE679PHSFQ,https://gamma-requester.mturk.com/workers/A1KTZE679PHSFQ,1,1,100.00%,0,0,0.00%,0,0,0.00%,1,,,,,,,,,,,,,,,,100,,,,,,,,0,,0,,,,,,1,,,,,,Never Blocked,,
448,A1KYNYKQ704F1I,https://gamma-requester.mturk.com/workers/A1KYNYKQ704F1I,1,0,0.00%,0,0,0.00%,0,0,0.00%,1,,,,,,,,,,,,,,,,100,,,,,,,,0,,0,,,,,,,,,,,,Never Blocked,,
449,A1KZ21TSAYUHO4,https://gamma-requester.mturk.com/workers/A1KZ21TSAYUHO4,4,4,100.00%,0,0,0.00%,0,0,0.00%,1,,,,,,,,,,,,,,,,100,,,,,,,,0,,1,,1,,1,,1,,,,,,Never Blocked,,
450,A1L2N1X8U8Z3W7,https://gamma-requester.mturk.com/workers/A1L2N1X8U8Z3W7,1,1,100.00%,0,0,0.00%,0,0,0.00%,1,,,,,,,,,,,,,,,,100,,,,,,,,0,,0,,,,,,1,,,,,,Never Blocked,,
451,A1L6WFPWFPHHD7,https://gamma-requester.mturk.com/workers/A1L6WFPWFPHHD7,1,1,100.00%,0,0,0.00%,0,0,0.00%,,,,,,,,,,,,,,,1,,,,,,,,,,,,,,,,,,,,,,,,Never Blocked,,
452,A1LA6CIGBNDOH9,https://gamma-requester.mturk.com/workers/A1LA6CIGBNDOH9,2,2,100.00%,0,0,0.00%,0,0,0.00%,,,,,,,,,1,,,,,,,,1,,,,,,,,,,,,,,,,,,,,,,Never Blocked,,
453,A1LCUPRZ0I8S3I,https://gamma-requester.mturk.com/workers/A1LCUPRZ0I8S3I,2,2,100.00%,0,0,0.00%,0,0,0.00%,,,,,,,,,1,,,,,,,,1,,,,,,,,,,,,,,,,,,,,,,Never Blocked,,
454,A1LFCPVZME9B34,https://gamma-requester.mturk.com/workers/A1LFCPVZME9B34,1,1,100.00%,0,0,0.00%,0,0,0.00%,,,,,,,,,,,,,,,,,100,,,,,,,,,,,,,,,,,,,,,,Never Blocked,,
455,A1LG7I4UFRWZRY,https://gamma-requester.mturk.com/workers/A1LG7I4UFRWZRY,1,1,100.00%,0,0,0.00%,0,0,0.00%,,,,,,,,,,,,,,,,,,,,,,,,,,,,,,,,,,,,,,,Never Blocked,,
456,A1LI3JQS2VBOXC,https://gamma-requester.mturk.com/workers/A1LI3JQS2VBOXC,1,1,100.00%,1,1,100.00%,0,0,0.00%,,,,,,,,,,,,,1,,,,,,,,,,,,,,,,,,,,,,,,,,Never Blocked,,
457,A1LK72MZIUGXT8,https://gamma-requester.mturk.com/workers/A1LK72MZIUGXT8,2,2,100.00%,0,0,0.00%,0,0,0.00%,1,,,,,,,,,,,,,,,,100,,,,,,,,0,,0,,,,1,,1,,,,,,Never Blocked,,
458,A1LKBYVK3T7OY1,https://gamma-requester.mturk.com/workers/A1LKBYVK3T7OY1,1,1,100.00%,0,0,0.00%,0,0,0.00%,1,,,,,,,,,,,,,,,,100,,,,,,,,0,,0,,,,,,,,,,1,,Never Blocked,,
459,A1LLBT92I9VVCQ,https://gamma-requester.mturk.com/workers/A1LLBT92I9VVCQ,1,1,100.00%,0,0,0.00%,0,0,0.00%,,,,,,,,,,,1,,,,,,1,,,,,,,,,,,,,,,,,,,,,,Never Blocked,,
460,A1LOMYL2R446RD,https://gamma-requester.mturk.com/workers/A1LOMYL2R446RD,1,1,100.00%,0,0,0.00%,0,0,0.00%,,,,,,,,,,,,,,,,,,,,,,,,,,,,,,,,,,,1,,,,Never Blocked,,
461,A1LQLQ0KZQLIO8,https://gamma-requester.mturk.com/workers/A1LQLQ0KZQLIO8,2,2,100.00%,0,0,0.00%,0,0,0.00%,1,,,,,,,,,,,,,,,,100,,,,,,,,0,,0,,,,,,1,,,,,,Never Blocked,,
462,A1LRJ2MQD4AMES,https://gamma-requester.mturk.com/workers/A1LRJ2MQD4AMES,2,2,100.00%,0,0,0.00%,0,0,0.00%,1,,,,,,,,,,,,,,,,100,,,,,,,,0,,0,,,,1,,1,,,,,,Never Blocked,,
463,A1LSGYXKP6O1B8,https://gamma-requester.mturk.com/workers/A1LSGYXKP6O1B8,1,1,100.00%,0,0,0.00%,0,0,0.00%,1,,,,,,,,,,,,,,,,100,,,,,,,,0,,0,,,,,,,,,,1,,Never Blocked,,
464,A1LSSI3O205X7F,https://gamma-requester.mturk.com/workers/A1LSSI3O205X7F,1,1,100.00%,0,0,0.00%,0,0,0.00%,,,,,,,,,,,,,,,,,100,,,,,,,,,,,,,,,,,,,,,,Never Blocked,,
465,A1LURN5B6YCWO0,https://gamma-requester.mturk.com/workers/A1LURN5B6YCWO0,1,1,100.00%,0,0,0.00%,0,0,0.00%,,,,,,,,,,,,,,,,,1,,,,,,,,,,,,,,,,,,,,,,Never Blocked,,
466,A1LXJE5GI5JTMB,https://gamma-requester.mturk.com/workers/A1LXJE5GI5JTMB,1,0,0.00%,0,0,0.00%,0,0,0.00%,,,,,,,,,,,,,,,,,,,,,,,,,,,,,,,,,,,,,,,Never Blocked,,
467,A1M1E62KXCDNL0,https://gamma-requester.mturk.com/workers/A1M1E62KXCDNL0,1,1,100.00%,0,0,0.00%,0,0,0.00%,1,,,,,,,,,,,,,,,,100,,,,,,,,0,,0,,,,,,,,,,,,Never Blocked,,
468,A1M1W56A3UR5PE,https://gamma-requester.mturk.com/workers/A1M1W56A3UR5PE,1,1,100.00%,0,0,0.00%,0,0,0.00%,1,,,,,,,,,,,,,,,,100,,,,,,,,0,,0,,,,,,,,,,1,,Never Blocked,,
469,A1M3L70UWMSB52,https://gamma-requester.mturk.com/workers/A1M3L70UWMSB52,1,1,100.00%,0,0,0.00%,0,0,0.00%,1,,,,,,,,,,,,,,,,100,,,,,,,,0,,0,,,,,,,,,,,,Never Blocked,,
470,A1M5EMXULAA7FU,https://gamma-requester.mturk.com/workers/A1M5EMXULAA7FU,1,1,100.00%,0,0,0.00%,0,0,0.00%,1,,,,,,,,,,,,,,,,100,,,,,,,,0,,0,,,,,,,,,,,,Never Blocked,,
471,A1M9D6GLMMA4OA,https://gamma-requester.mturk.com/workers/A1M9D6GLMMA4OA,1,0,0.00%,0,0,0.00%,0,0,0.00%,,,,,,,,,,,,,,,,,,,,,,,,,,,,,,,,,,,1,,,,Never Blocked,,
472,A1M9Q5R21TCH96,https://gamma-requester.mturk.com/workers/A1M9Q5R21TCH96,1,1,100.00%,0,0,0.00%,0,0,0.00%,1,,,,,,,,,,,,,,,,100,,,,,,,,0,,0,,,,,,,,,,,,Never Blocked,,
473,A1MAAPY9K1G1YR,https://gamma-requester.mturk.com/workers/A1MAAPY9K1G1YR,1,1,100.00%,0,0,0.00%,0,0,0.00%,1,,,,,,,,,,,,,,,,100,,,,,,,,0,,0,,,,,,,,,,,,Never Blocked,,
474,A1MD74JPL7E9PK,https://gamma-requester.mturk.com/workers/A1MD74JPL7E9PK,1,1,100.00%,0,0,0.00%,0,0,0.00%,,,,,,,,,,,,,,,,,,,,,,,,,,,,,,,,,,,1,,,,Never Blocked,,
475,A1MIB492BU9KIQ,https://gamma-requester.mturk.com/workers/A1MIB492BU9KIQ,1,1,100.00%,0,0,0.00%,0,0,0.00%,1,,,,,,,,,,,,,,,,100,,,,,,,,0,,0,,,,,,1,,,,,,Never Blocked,,
476,A1MJX6Q6BTWA6,https://gamma-requester.mturk.com/workers/A1MJX6Q6BTWA6,5,5,100.00%,0,0,0.00%,0,0,0.00%,1,,,,,,,,,,,,,,,,100,,,,,,,,1,,1,,1,,1,,1,,,,,,Never Blocked,,
477,A1MKYMYY34DZIO,https://gamma-requester.mturk.com/workers/A1MKYMYY34DZIO,1,1,100.00%,0,0,0.00%,0,0,0.00%,1,,,,,,,,,,,,,,,,100,,,,,,,,0,,0,,,,,,,,,,,,Never Blocked,,
478,A1ML6B8SBSWN7G,https://gamma-requester.mturk.com/workers/A1ML6B8SBSWN7G,1,1,100.00%,0,0,0.00%,0,0,0.00%,1,,,,,,,,,,,,,,,,100,,,,,,,,0,,0,,,,,,,,,,,,Never Blocked,,
479,A1MLVDDVB401PK,https://gamma-requester.mturk.com/workers/A1MLVDDVB401PK,1,1,100.00%,0,0,0.00%,0,0,0.00%,1,,,,,,,,,,,,,,,,100,,,,,,,,0,,0,,,,,,,,,,1,,Never Blocked,,
480,A1MNW99TINPPLL,https://gamma-requester.mturk.com/workers/A1MNW99TINPPLL,5,5,100.00%,0,0,0.00%,0,0,0.00%,1,,,,,,,,,,,,,,,,100,,,,,,,,1,,1,,1,,1,,1,,,,,,Never Blocked,,
481,A1MSLM87Z8CLTK,https://gamma-requester.mturk.com/workers/A1MSLM87Z8CLTK,1,1,100.00%,0,0,0.00%,0,0,0.00%,1,,,,,,,,,,,,,,,,100,,,,,,,,0,,0,,,,,,,,,,1,,Never Blocked,,
482,A1MT4FMXL4WRAF,https://gamma-requester.mturk.com/workers/A1MT4FMXL4WRAF,1,0,0.00%,0,0,0.00%,0,0,0.00%,,,,,,,,,,,,,,,,,1,,,,,,,,,,,,,,,,,,,,,,Never Blocked,,
483,A1MV50O7NWWL72,https://gamma-requester.mturk.com/workers/A1MV50O7NWWL72,1,1,100.00%,0,0,0.00%,0,0,0.00%,,,,,,,,,,,,,,,,,,,,,,,,,,,,,,,,,,,1,,,,Never Blocked,,
484,A1MW2O7DOKB2XJ,https://gamma-requester.mturk.com/workers/A1MW2O7DOKB2XJ,1,1,100.00%,0,0,0.00%,0,0,0.00%,1,,,,,,,,,,,,,,,,100,,,,,,,,0,,0,,,,,,,,,,,,Never Blocked,,
485,A1MZDCF8120EIC,https://gamma-requester.mturk.com/workers/A1MZDCF8120EIC,1,1,100.00%,0,0,0.00%,0,0,0.00%,1,,,,,,,,,,,,,,,,100,,,,,,,,0,,0,,,,,,1,,,,,,Never Blocked,,
486,A1N0D7925N0060,https://gamma-requester.mturk.com/workers/A1N0D7925N0060,5,5,100.00%,0,0,0.00%,0,0,0.00%,1,,,,,,,,,,,,,,,,100,,,,,,,,1,,1,,1,,1,,1,,,,,,Never Blocked,,
487,A1N0Q3QP4OMTZ2,https://gamma-requester.mturk.com/workers/A1N0Q3QP4OMTZ2,1,1,100.00%,0,0,0.00%,0,0,0.00%,1,,,,,,,,,,,,,,,,100,,,,,,,,0,,0,,,,,,,,,,1,,Never Blocked,,
488,A1N16ZU0FNQEY6,https://gamma-requester.mturk.com/workers/A1N16ZU0FNQEY6,1,1,100.00%,0,0,0.00%,0,0,0.00%,1,,,,,,,,,,,,,,,,100,,,,,,,,0,,0,,,,,,,,,,,,Never Blocked,,
489,A1N1ULK71RHVMM,https://gamma-requester.mturk.com/workers/A1N1ULK71RHVMM,1,1,100.00%,0,0,0.00%,0,0,0.00%,1,,,,,,,,,,,,,,,,100,,,,,,,,0,,0,,,,,,,,,,1,,Never Blocked,,
490,A1N35VV9QURKHX,https://gamma-requester.mturk.com/workers/A1N35VV9QURKHX,1,1,100.00%,0,0,0.00%,0,0,0.00%,1,,,,,,,,,,,,,,,,100,,,,,,,,0,,0,,,,,,,,,,,,Never Blocked,,
491,A1N37RFT8OXBNN,https://gamma-requester.mturk.com/workers/A1N37RFT8OXBNN,1,1,100.00%,0,0,0.00%,0,0,0.00%,,,,,,,,,,,,,,,,,,,,,,,,,,,,,,,,,,,,,,,Never Blocked,,
492,A1N3YG2X9SO4PN,https://gamma-requester.mturk.com/workers/A1N3YG2X9SO4PN,1,1,100.00%,0,0,0.00%,0,0,0.00%,1,,,,,,,,,,,,,,,,100,,,,,,,,0,,0,,,,,,,,,,1,,Never Blocked,,
493,A1N7O7E8HC03D8,https://gamma-requester.mturk.com/workers/A1N7O7E8HC03D8,1,1,100.00%,0,0,0.00%,0,0,0.00%,1,,,,,,,,,,,,,,,,100,,,,,,,,0,,0,,,,,,,,,,,,Never Blocked,,
494,A1N8TKTLXV92QR,https://gamma-requester.mturk.com/workers/A1N8TKTLXV92QR,1,1,100.00%,0,0,0.00%,0,0,0.00%,1,,,,,,,,,,,,,,,,100,,,,,,,,0,,0,,,,,,,,,,1,,Never Blocked,,
495,A1NCLFQCAGDP76,https://gamma-requester.mturk.com/workers/A1NCLFQCAGDP76,1,1,100.00%,0,0,0.00%,0,0,0.00%,1,,,,,,,,,,,,,,,,100,,,,,,,,0,,0,,,,,,,,,,,,Never Blocked,,
496,A1NCO5A4JYHGKQ,https://gamma-requester.mturk.com/workers/A1NCO5A4JYHGKQ,5,5,100.00%,0,0,0.00%,0,0,0.00%,1,,,,,,,,,,,,,,,,100,,,,,,,,1,,1,,1,,1,,1,,,,,,Never Blocked,,
497,A1NIKHUA79SWGD,https://gamma-requester.mturk.com/workers/A1NIKHUA79SWGD,1,1,100.00%,0,0,0.00%,0,0,0.00%,1,,,,,,,,,,,,,,,,100,,,,,,,,0,,0,,,,,,,,,,1,,Never Blocked,,
498,A1NKKZP1IV9VX5,https://gamma-requester.mturk.com/workers/A1NKKZP1IV9VX5,1,1,100.00%,0,0,0.00%,0,0,0.00%,1,,,,,,,,,,,,,,,,100,,,,,,,,0,,0,,,,,,,,,,1,,Never Blocked,,
499,A1NKXXMA4FCARH,https://gamma-requester.mturk.com/workers/A1NKXXMA4FCARH,1,1,100.00%,0,0,0.00%,0,0,0.00%,,,,,,,,,,,,,,,1,,,,,,,,,,,,,,,,,,,,,,,,Never Blocked,,
500,A1NLJ1L4VCQYV2,https://gamma-requester.mturk.com/workers/A1NLJ1L4VCQYV2,1,1,100.00%,0,0,0.00%,0,0,0.00%,,,,,,,,,,,,,,,,,100,,,,,,,,,,,,,,,,,,,,,,Never Blocked,,
501,A1NMQHPPODJ5ZY,https://gamma-requester.mturk.com/workers/A1NMQHPPODJ5ZY,1,1,100.00%,0,0,0.00%,0,0,0.00%,1,,,,,,,,,,,,,,,,100,,,,,,,,0,,0,,,,,,,,,,1,,Never Blocked,,
502,A1NNNRXMMSAXKW,https://gamma-requester.mturk.com/workers/A1NNNRXMMSAXKW,1,1,100.00%,0,0,0.00%,0,0,0.00%,1,,,,,,,,,,,,,,,,100,,,,,,,,0,,0,,,,,,,,,,1,,Never Blocked,,
503,A1NOKSH3B7OX7T,https://gamma-requester.mturk.com/workers/A1NOKSH3B7OX7T,1,1,100.00%,0,0,0.00%,0,0,0.00%,1,,,,,,,,,,,,,,,,100,,,,,,,,0,,0,,,,,,,,,,1,,Never Blocked,,
504,A1NQVG69U3TRDK,https://gamma-requester.mturk.com/workers/A1NQVG69U3TRDK,1,0,0.00%,0,0,0.00%,0,0,0.00%,,,,,,,,,,,,,,,,,1,,,,,,,,,,,,,,,,,,,,,,Never Blocked,,
505,A1NR3COO33J99C,https://gamma-requester.mturk.com/workers/A1NR3COO33J99C,1,1,100.00%,0,0,0.00%,0,0,0.00%,1,,,,,,,,,,,,,,,,100,,,,,,,,0,,0,,,,,,,,,,1,,Never Blocked,,
506,A1NSHNH3MNFRGW,https://gamma-requester.mturk.com/workers/A1NSHNH3MNFRGW,1,1,100.00%,0,0,0.00%,0,0,0.00%,1,,,,,,,,,,,,,,,,100,,,,,,,,0,,0,,,,,,,,,,1,,Never Blocked,,
507,A1NTIY7ZMBJAV2,https://gamma-requester.mturk.com/workers/A1NTIY7ZMBJAV2,1,1,100.00%,0,0,0.00%,0,0,0.00%,,,,,,,,,,,,,,,,,,,,,,,,,,,,,,,,,,,,,,,Never Blocked,,
508,A1NVPXNM1PWTXH,https://gamma-requester.mturk.com/workers/A1NVPXNM1PWTXH,1,1,100.00%,0,0,0.00%,0,0,0.00%,,,,,,,,,,,,,,,,,,,,,1,,,,,,,,,,,,,,,,,,Never Blocked,,
509,A1NZFJHVJ9CNTO,https://gamma-requester.mturk.com/workers/A1NZFJHVJ9CNTO,1,1,100.00%,0,0,0.00%,0,0,0.00%,1,,,,,,,,,,,,,,,,100,,,,,,,,0,,0,,,,,,,,,,1,,Never Blocked,,
510,A1O0BGHFTMPQM0,https://gamma-requester.mturk.com/workers/A1O0BGHFTMPQM0,1,1,100.00%,0,0,0.00%,0,0,0.00%,1,,,,,,,,,,,,,,,,100,,,,,,,,0,,0,,,,,,,,,,1,,Never Blocked,,
511,A1O2KYT49Z4T75,https://gamma-requester.mturk.com/workers/A1O2KYT49Z4T75,2,2,100.00%,0,0,0.00%,0,0,0.00%,1,,,,,,,,,,,,,,,,100,,,,,,,,0,,0,,,,1,,1,,,,,,Never Blocked,,
512,A1O58OE6H51GWD,https://gamma-requester.mturk.com/workers/A1O58OE6H51GWD,3,3,100.00%,0,0,0.00%,0,0,0.00%,1,,,,,,,,,,,,,,,,100,,,,,,,,0,,0,,1,,1,,1,,,,,,Never Blocked,,
513,A1O67YS3DU0ZHX,https://gamma-requester.mturk.com/workers/A1O67YS3DU0ZHX,1,1,100.00%,0,0,0.00%,0,0,0.00%,1,,,,,,,,,,,,,,,,100,,,,,,,,0,,0,,,,,,,,,,1,,Never Blocked,,
514,A1O7XFRTZ46PN5,https://gamma-requester.mturk.com/workers/A1O7XFRTZ46PN5,2,2,100.00%,0,0,0.00%,0,0,0.00%,,,,,,,,,1,,,,,,,,1,,,,,,,,,,,,,,,,,,,,,,Never Blocked,,
515,A1O9B263V2PSXJ,https://gamma-requester.mturk.com/workers/A1O9B263V2PSXJ,1,1,100.00%,0,0,0.00%,0,0,0.00%,,,,,,,,,,,1,,,,,,1,,,,,,,,,,,,,,,,,,,,,,Never Blocked,,
516,A1OAZCVZRC00F0,https://gamma-requester.mturk.com/workers/A1OAZCVZRC00F0,1,1,100.00%,0,0,0.00%,0,0,0.00%,,,,,,,,,,,,,,,,,100,,,,,,,,,,,,,,,,,,,,,,Never Blocked,,
517,A1OBB3PWYWK9KK,https://gamma-requester.mturk.com/workers/A1OBB3PWYWK9KK,1,1,100.00%,0,0,0.00%,0,0,0.00%,1,,,,,,,,,,,,,,,,100,,,,,,,,0,,0,,,,,,,,,,1,,Never Blocked,,
518,A1OBU9NMV1C3S5,https://gamma-requester.mturk.com/workers/A1OBU9NMV1C3S5,4,4,100.00%,0,0,0.00%,0,0,0.00%,1,,,,,,,,,,,,,,,,100,,,,,,,,0,,0,,1,,1,,1,,,,,,Never Blocked,,
519,A1ODA3Q5H6HTDQ,https://gamma-requester.mturk.com/workers/A1ODA3Q5H6HTDQ,2,2,100.00%,0,0,0.00%,0,0,0.00%,1,,,,,,,,,,,,,,,,100,,,,,,,,0,,0,,,,,,,,,,1,,Never Blocked,,
520,A1ODU7S7ENNY66,https://gamma-requester.mturk.com/workers/A1ODU7S7ENNY66,1,1,100.00%,1,1,100.00%,1,1,100.00%,,,,,,,,,,,,,1,1,,,,,,,,,,,,,,,,,,,,,,,,,Never Blocked,,
521,A1OH7LKEEIOIJB,https://gamma-requester.mturk.com/workers/A1OH7LKEEIOIJB,2,1,50.00%,0,0,0.00%,0,0,0.00%,,,,,,,,,1,,,,,,,,1,,,,,,,,,,,,,,,,,,,,,,Never Blocked,,
522,A1OIBI3PWS4R5K,https://gamma-requester.mturk.com/workers/A1OIBI3PWS4R5K,5,5,100.00%,0,0,0.00%,0,0,0.00%,1,,,,,,,,,,,,,,,,100,,,,,,,,1,,1,,1,,1,,1,,,,,,Never Blocked,,
523,A1OIIHLOC90XCH,https://gamma-requester.mturk.com/workers/A1OIIHLOC90XCH,4,4,100.00%,0,0,0.00%,0,0,0.00%,1,,,,,,,,,,,,,,,,100,,,,,,,,0,,1,,1,,1,,1,,,,,,Never Blocked,,
524,A1OK06ZUFSY1C,https://gamma-requester.mturk.com/workers/A1OK06ZUFSY1C,2,2,100.00%,0,0,0.00%,0,0,0.00%,,,,,,,,,1,,,,,,,,1,,,,,,,,,,,,,,,,,,,,,,Never Blocked,,
525,A1OKO7FRQWFMOY,https://gamma-requester.mturk.com/workers/A1OKO7FRQWFMOY,1,1,100.00%,0,0,0.00%,0,0,0.00%,,,,,,,,,,,,,,,,,,,,,,,,,,,,,,,,,,,,,,,Never Blocked,,
526,A1OM2I65SD625M,https://gamma-requester.mturk.com/workers/A1OM2I65SD625M,1,1,100.00%,0,0,0.00%,0,0,0.00%,,,,,,,,,,,,,,,,,,,,,,,,,,,,,,,,,,,,,,,Never Blocked,,
527,A1OM5NWYYYJKQW,https://gamma-requester.mturk.com/workers/A1OM5NWYYYJKQW,2,2,100.00%,0,0,0.00%,0,0,0.00%,,,,,,,,,,,,,,,,,,,,,1,,,,,,,,,,,,,,1,,,,Never Blocked,,
528,A1OOCYEFLAJD98,https://gamma-requester.mturk.com/workers/A1OOCYEFLAJD98,2,2,100.00%,0,0,0.00%,0,0,0.00%,,,,,,,,,1,,,,,,,,1,,,,,,,,,,,,,,,,,,,,,,Never Blocked,,
529,A1OQFPHKZV0LM5,https://gamma-requester.mturk.com/workers/A1OQFPHKZV0LM5,1,1,100.00%,0,0,0.00%,0,0,0.00%,,,,,,,1,,,,,,,,,,,,,,,,,,,,,,,,,,,,,,,,Never Blocked,,
530,A1OQJ3TNATEE6B,https://gamma-requester.mturk.com/workers/A1OQJ3TNATEE6B,1,1,100.00%,0,0,0.00%,0,0,0.00%,1,,,,,,,,,,,,,,,,100,,,,,,,,0,,0,,,,,,,,,,,,Never Blocked,,
531,A1OR82RF1ZFWP,https://gamma-requester.mturk.com/workers/A1OR82RF1ZFWP,1,1,100.00%,0,0,0.00%,0,0,0.00%,1,,,,,,,,,,,,,,,,100,,,,,,,,0,,0,,,,,,1,,,,,,Never Blocked,,
532,A1OSRAPSRT934Z,https://gamma-requester.mturk.com/workers/A1OSRAPSRT934Z,1,1,100.00%,0,0,0.00%,0,0,0.00%,1,,,,,,,,,,,,,,,,100,,,,,,,,0,,0,,,,,,,,,,1,,Never Blocked,,
533,A1OSRB1Q63XXWZ,https://gamma-requester.mturk.com/workers/A1OSRB1Q63XXWZ,4,4,100.00%,0,0,0.00%,0,0,0.00%,1,,,,,,,,,,,,,,,,100,,,,,,,,0,,0,,1,,1,,1,,,,,,Never Blocked,,
534,A1OUZ9HIHJOF2E,https://gamma-requester.mturk.com/workers/A1OUZ9HIHJOF2E,1,1,100.00%,0,0,0.00%,0,0,0.00%,1,,,,,,,,,,,,,,,,100,,,,,,,,0,,0,,,,,,,,,,1,,Never Blocked,,
535,A1OVRL7IWO5JF0,https://gamma-requester.mturk.com/workers/A1OVRL7IWO5JF0,0,0,0.00%,0,0,0.00%,0,0,0.00%,,,,,,,,,,,,,,1,,,,,,,,,,,,,,,,,,,,,,,,,Never Blocked,,
536,A1OW27AZS122X2,https://gamma-requester.mturk.com/workers/A1OW27AZS122X2,1,1,100.00%,0,0,0.00%,0,0,0.00%,1,,,,,,,,,,,,,,,,100,,,,,,,,0,,0,,,,,,,,,,1,,Never Blocked,,
537,A1OZPLHNIU1519,https://gamma-requester.mturk.com/workers/A1OZPLHNIU1519,2,2,100.00%,0,0,0.00%,0,0,0.00%,,,,,,,,,1,,,,,,,,1,,,,,,,,,,,,,,,,,,,,,,Never Blocked,,
538,A1P0XSCJ9XAV74,https://gamma-requester.mturk.com/workers/A1P0XSCJ9XAV74,1,1,100.00%,0,0,0.00%,0,0,0.00%,1,,,,,,,,,,,,,,,,100,,,,,,,,0,,0,,,,,,,,,,1,,Never Blocked,,
539,A1P2XKONWAOXHP,https://gamma-requester.mturk.com/workers/A1P2XKONWAOXHP,2,2,100.00%,0,0,0.00%,0,0,0.00%,,,,,,,1,,,,,,,,,,,,,,,,,,,,,,,,,,,,,,,,Never Blocked,,
540,A1P47Q6LZPLQ6P,https://gamma-requester.mturk.com/workers/A1P47Q6LZPLQ6P,1,1,100.00%,0,0,0.00%,0,0,0.00%,1,,,,,,,,,,,,,,,,100,,,,,,,,0,,0,,,,,,,,,,1,,Never Blocked,,
541,A1P557XDQ2SID7,https://gamma-requester.mturk.com/workers/A1P557XDQ2SID7,1,1,100.00%,0,0,0.00%,0,0,0.00%,,,,,,,,,,,,,,,1,,,,,,,,,,,,,,,,,,,,,,,,Never Blocked,,
542,A1P6LFEAY9MWAY,https://gamma-requester.mturk.com/workers/A1P6LFEAY9MWAY,1,1,100.00%,0,0,0.00%,0,0,0.00%,,,,,,,,,,,,,,,,,1,,,,,,,,,,,,,,,,,,,,,,Never Blocked,,
543,A1PAMVTKGCXSWQ,https://gamma-requester.mturk.com/workers/A1PAMVTKGCXSWQ,1,1,100.00%,0,0,0.00%,0,0,0.00%,1,,,,,,,,,,,,,,,,100,,,,,,,,0,,0,,,,,,,,,,1,,Never Blocked,,
544,A1PB1W83OF5NV0,https://gamma-requester.mturk.com/workers/A1PB1W83OF5NV0,1,1,100.00%,0,0,0.00%,0,0,0.00%,1,,,,,,,,,,,,,,,,100,,,,,,,,0,,0,,,,,,,,,,,,Never Blocked,,
545,A1PBFDQR599N3K,https://gamma-requester.mturk.com/workers/A1PBFDQR599N3K,5,5,100.00%,0,0,0.00%,0,0,0.00%,1,,,,,,,,,,,,,,,,100,,,,,,,,1,,1,,1,,1,,1,,,,,,Never Blocked,,
546,A1PBRKFHSF1OF8,https://gamma-requester.mturk.com/workers/A1PBRKFHSF1OF8,5,5,100.00%,0,0,0.00%,0,0,0.00%,1,,,,,,,,,,,,,,,,100,,,,,,,,1,,1,,1,,1,,1,,,,,,Never Blocked,,
547,A1PF01FF85HUY4,https://gamma-requester.mturk.com/workers/A1PF01FF85HUY4,1,1,100.00%,0,0,0.00%,0,0,0.00%,1,,,,,,,,,,,,,,,,100,,,,,,,,0,,0,,,,,,,,,,1,,Never Blocked,,
548,A1PFV2G2SYPS6L,https://gamma-requester.mturk.com/workers/A1PFV2G2SYPS6L,1,1,100.00%,0,0,0.00%,0,0,0.00%,1,,,,,,,,,,,,,,,,100,,,,,,,,0,,0,,,,,,,,,,1,,Never Blocked,,
549,A1PGR1FZAOVF6U,https://gamma-requester.mturk.com/workers/A1PGR1FZAOVF6U,1,1,100.00%,0,0,0.00%,0,0,0.00%,1,,,,,,,,,,,,,,,,100,,,,,,,,0,,0,,,,,,,,,,,,Never Blocked,,
550,A1PHDT66U6IK4Q,https://gamma-requester.mturk.com/workers/A1PHDT66U6IK4Q,3,3,100.00%,0,0,0.00%,0,0,0.00%,,,,,,,,,,,,,,,,,100,,,,1,,,,,,,,,,,,,,1,,,,Never Blocked,,
551,A1PIGZNLSQMGNW,https://gamma-requester.mturk.com/workers/A1PIGZNLSQMGNW,1,1,100.00%,0,0,0.00%,0,0,0.00%,1,,,,,,,,,,,,,,,,100,,,,,,,,0,,0,,,,,,1,,,,,,Never Blocked,,
552,A1PIOTGADK1EN1,https://gamma-requester.mturk.com/workers/A1PIOTGADK1EN1,1,1,100.00%,0,0,0.00%,0,0,0.00%,,,,,,,,,,,,,,,,,1,,,,,,,,,,,,,,,,,,,,,,Never Blocked,,
553,A1PJEESG7NJ9H0,https://gamma-requester.mturk.com/workers/A1PJEESG7NJ9H0,4,4,100.00%,0,0,0.00%,0,0,0.00%,1,,,,,,,,,,,,,,,,100,,,,,,,,0,,0,,1,,1,,1,,,,,,Never Blocked,,
554,A1PJFT2KFX9SX8,https://gamma-requester.mturk.com/workers/A1PJFT2KFX9SX8,1,1,100.00%,0,0,0.00%,0,0,0.00%,,,,,,,,,,,,,,,,,,,,,,,,,,,,,,,,,,,,,,,Never Blocked,,
555,A1PKCBFB4QY19G,https://gamma-requester.mturk.com/workers/A1PKCBFB4QY19G,1,1,100.00%,0,0,0.00%,0,0,0.00%,1,,,,,,,,,,,,,,,,100,,,,,,,,0,,0,,,,,,,,,,1,,Never Blocked,,
556,A1PNYLOKED8FWF,https://gamma-requester.mturk.com/workers/A1PNYLOKED8FWF,1,1,100.00%,0,0,0.00%,0,0,0.00%,1,,,,,,,,,,,,,,,,100,,,,,,,,0,,0,,,,,,,,,,,,Never Blocked,,
557,A1PP1FS377QA79,https://gamma-requester.mturk.com/workers/A1PP1FS377QA79,1,1,100.00%,0,0,0.00%,0,0,0.00%,1,,,,,,,,,,,,,,,,100,,,,,,,,0,,0,,,,,,,,,,1,,Never Blocked,,
558,A1PP6DN7HB6Q9P,https://gamma-requester.mturk.com/workers/A1PP6DN7HB6Q9P,1,1,100.00%,0,0,0.00%,0,0,0.00%,1,,,,,,,,,,,,,,,,100,,,,,,,,0,,0,,,,,,,,,,1,,Never Blocked,,
559,A1PP6RT33WYA5H,https://gamma-requester.mturk.com/workers/A1PP6RT33WYA5H,1,1,100.00%,0,0,0.00%,0,0,0.00%,1,,,,,,,,,,,,,,,,100,,,,,,,,0,,0,,,,,,1,,,,,,Never Blocked,,
560,A1PRRDIHIHTHJV,https://gamma-requester.mturk.com/workers/A1PRRDIHIHTHJV,1,1,100.00%,0,0,0.00%,0,0,0.00%,1,,,,,,,,,,,,,,,,100,,,,,,,,0,,0,,,,,,,,,,1,,Never Blocked,,
561,A1PRUVH5Q0T9FS,https://gamma-requester.mturk.com/workers/A1PRUVH5Q0T9FS,2,2,100.00%,0,0,0.00%,0,0,0.00%,,,,,,,,,,,,,,,1,,,,,,,,1,,,,,,,,,,,,,,,,Never Blocked,,
562,A1PS8FTSVOJ4PB,https://gamma-requester.mturk.com/workers/A1PS8FTSVOJ4PB,2,2,100.00%,0,0,0.00%,0,0,0.00%,,,,,,,,,,,,,,,1,,,,,,,,1,,,,,,,,,,,,,,,,Never Blocked,,
563,A1PTK745LEZ0QB,https://gamma-requester.mturk.com/workers/A1PTK745LEZ0QB,1,1,100.00%,0,0,0.00%,0,0,0.00%,1,,,,,,,,,,,,,,,,100,,,,,,,,0,,0,,,,,,,,,,1,,Never Blocked,,
564,A1PUIM6U5XPOGI,https://gamma-requester.mturk.com/workers/A1PUIM6U5XPOGI,1,1,100.00%,0,0,0.00%,0,0,0.00%,,,,,,,,,,,,,,,,,,,,,,,,,,,,,,,,,,,,,,,Never Blocked,,
565,A1PV9LINP0Q5WL,https://gamma-requester.mturk.com/workers/A1PV9LINP0Q5WL,1,1,100.00%,0,0,0.00%,0,0,0.00%,,,,,,,,,,,,,,,,,100,,,,,,,,,,,,,,,,,,,,,,Never Blocked,,
566,A1PX4CR15QC57J,https://gamma-requester.mturk.com/workers/A1PX4CR15QC57J,1,1,100.00%,0,0,0.00%,0,0,0.00%,,,,,,,,,,,,,,,,,100,,,,,,,,,,,,,,,,,,,,,,Never Blocked,,
567,A1PZIN8H1VI6SY,https://gamma-requester.mturk.com/workers/A1PZIN8H1VI6SY,2,2,100.00%,0,0,0.00%,0,0,0.00%,1,,,,,,,,,,,,,,1,,100,,,,,,,,0,,0,,,,,,,,1,,1,,Never Blocked,,
568,A1PZMXZGCW4KCT,https://gamma-requester.mturk.com/workers/A1PZMXZGCW4KCT,1,1,100.00%,0,0,0.00%,0,0,0.00%,1,,,,,,,,,,,,,,,,100,,,,,,,,0,,0,,,,,,1,,,,,,Never Blocked,,
569,A1Q1C5FVVYB2UX,https://gamma-requester.mturk.com/workers/A1Q1C5FVVYB2UX,1,1,100.00%,0,0,0.00%,0,0,0.00%,1,,,,,,,,,,,,,,,,100,,,,,,,,0,,0,,,,,,,,,,,,Never Blocked,,
570,A1Q1JSFKBUIYJD,https://gamma-requester.mturk.com/workers/A1Q1JSFKBUIYJD,2,2,100.00%,0,0,0.00%,0,0,0.00%,,,,,,,,,1,,,,,,,,1,,,,,,,,,,,,,,,,,,,,,,Never Blocked,,
571,A1Q3ESI4TUIW36,https://gamma-requester.mturk.com/workers/A1Q3ESI4TUIW36,1,1,100.00%,0,0,0.00%,0,0,0.00%,1,,,,,,,,,,,,,,,,100,,,,,,,,0,,0,,,,,,1,,,,,,Never Blocked,,
572,A1Q3GKUJF8EWHG,https://gamma-requester.mturk.com/workers/A1Q3GKUJF8EWHG,2,2,100.00%,0,0,0.00%,0,0,0.00%,,,,,,,,,,,,,,,1,,,,,,,,1,,,,,,,,,,,,,,,,Never Blocked,,
573,A1Q56N80RJLQ7S,https://gamma-requester.mturk.com/workers/A1Q56N80RJLQ7S,1,1,100.00%,0,0,0.00%,0,0,0.00%,1,,,,,,,,,,,,,,,,100,,,,,,,,0,,0,,,,,,1,,,,,,Never Blocked,,
574,A1Q5KW5PV3KD3A,https://gamma-requester.mturk.com/workers/A1Q5KW5PV3KD3A,1,1,100.00%,0,0,0.00%,0,0,0.00%,1,,,,,,,,,,,,,,,,100,,,,,,,,0,,0,,,,,,,,,,1,,Never Blocked,,
575,A1Q97MCJJMQCZM,https://gamma-requester.mturk.com/workers/A1Q97MCJJMQCZM,1,1,100.00%,0,0,0.00%,0,0,0.00%,1,,,,,,,,,,,,,,,,100,,,,,,,,0,,0,,,,,,,,,,,,Never Blocked,,
576,A1Q9OABL9R1JRJ,https://gamma-requester.mturk.com/workers/A1Q9OABL9R1JRJ,1,1,100.00%,0,0,0.00%,0,0,0.00%,1,,,,,,,,,,,,,,,,100,,,,,,,,0,,0,,,,,,,,,,1,,Never Blocked,,
577,A1QAKZMYB5PANM,https://gamma-requester.mturk.com/workers/A1QAKZMYB5PANM,1,1,100.00%,0,0,0.00%,0,0,0.00%,1,,,,,,,,,,,,,,,,100,,,,,,,,0,,0,,,,,,,,,,1,,Never Blocked,,
578,A1QCFZJ4PFM9WI,https://gamma-requester.mturk.com/workers/A1QCFZJ4PFM9WI,1,1,100.00%,1,1,100.00%,0,0,0.00%,,,,,,,,,,,,,1,,,,,,,,,,,,,,,,,,,,,,,,,,Never Blocked,,
579,A1QCUR2Z75LS5N,https://gamma-requester.mturk.com/workers/A1QCUR2Z75LS5N,1,1,100.00%,0,0,0.00%,0,0,0.00%,1,,,,,,,,,,,,,,,,100,,,,,,,,0,,0,,,,,,,,,,,,Never Blocked,,
580,A1QDCEBVFBQR63,https://gamma-requester.mturk.com/workers/A1QDCEBVFBQR63,1,1,100.00%,0,0,0.00%,0,0,0.00%,1,,,,,,,,,,,,,,,,100,,,,,,,,0,,0,,,,,,,,,,1,,Never Blocked,,
581,A1QEQ64E22TNUZ,https://gamma-requester.mturk.com/workers/A1QEQ64E22TNUZ,5,5,100.00%,0,0,0.00%,0,0,0.00%,1,,,,,,,,,,,,,,,,100,,,,,,,,1,,1,,1,,1,,1,,,,,,Never Blocked,,
582,A1QG0HL1XSSGNU,https://gamma-requester.mturk.com/workers/A1QG0HL1XSSGNU,1,1,100.00%,0,0,0.00%,0,0,0.00%,,,,,,,,,,,,,,,,,1,,,,,,,,,,,,,,,,,,,,,,Never Blocked,,
583,A1QIF7S41KKZ0F,https://gamma-requester.mturk.com/workers/A1QIF7S41KKZ0F,1,0,0.00%,1,0,0.00%,0,0,0.00%,,,,,,,,,,,,,1,,,,,,,,,,,,,,,,,,,,,,,,,,Never Blocked,,
584,A1QLYIH3V0NCZE,https://gamma-requester.mturk.com/workers/A1QLYIH3V0NCZE,1,1,100.00%,0,0,0.00%,0,0,0.00%,1,,,,,,,,,,,,,,,,100,,,,,,,,0,,0,,,,,,,,,,1,,Never Blocked,,
585,A1QQJS4JJWEBJB,https://gamma-requester.mturk.com/workers/A1QQJS4JJWEBJB,1,1,100.00%,0,0,0.00%,0,0,0.00%,,,,,,,1,,,,,,,,,,,,,,,,,,,,,,,,,,,,1,,,,Never Blocked,,
586,A1QRCEHNUW39LY,https://gamma-requester.mturk.com/workers/A1QRCEHNUW39LY,3,3,100.00%,0,0,0.00%,0,0,0.00%,1,,,,,,,,,,,,,,,,100,,,,,,,,0,,0,,1,,1,,1,,,,,,Never Blocked,,
587,A1QROF5BIOVI42,https://gamma-requester.mturk.com/workers/A1QROF5BIOVI42,1,0,0.00%,0,0,0.00%,0,0,0.00%,,,,,,,,,,,,,,,,,,,,,,,,,,,,,,,,,,,,,,,Never Blocked,,
588,A1QSX79P1W1058,https://gamma-requester.mturk.com/workers/A1QSX79P1W1058,2,2,100.00%,0,0,0.00%,0,0,0.00%,,,,,,,,,1,,,,,,,,1,,,,,,,,,,,,,,,,,,,,,,Never Blocked,,
589,A1QT3YA7G8MO63,https://gamma-requester.mturk.com/workers/A1QT3YA7G8MO63,2,2,100.00%,0,0,0.00%,0,0,0.00%,,,,,,,,,,,,,,,,,,,,,1,,,,,,,,,,,,,,1,,,,Never Blocked,,
590,A1QT7BQZVOBSY0,https://gamma-requester.mturk.com/workers/A1QT7BQZVOBSY0,5,5,100.00%,0,0,0.00%,0,0,0.00%,1,,,,,,,,,,,,,,,,100,,,,,,,,1,,1,,1,,1,,1,,,,,,Never Blocked,,
591,A1QUBLZCONL4QD,https://gamma-requester.mturk.com/workers/A1QUBLZCONL4QD,3,3,100.00%,1,1,100.00%,0,0,0.00%,1,,,,,,,,,,,,1,,,,100,,,,,,,,0,,0,,,,,,,,,,,,Never Blocked,,
592,A1QUQ0TV9KVD4C,https://gamma-requester.mturk.com/workers/A1QUQ0TV9KVD4C,6,6,100.00%,0,0,0.00%,0,0,0.00%,1,,,,,,,,,,,,,,,,100,,,,,,,,1,,1,,1,,1,,1,,1,,,,Never Blocked,,
593,A1R3VQ1011VATX,https://gamma-requester.mturk.com/workers/A1R3VQ1011VATX,1,1,100.00%,0,0,0.00%,0,0,0.00%,,,,,,,,,,,,,,,,,100,,,,,,,,,,,,,,,,,,,,,,Never Blocked,,
594,A1R554ICJMAA4Y,https://gamma-requester.mturk.com/workers/A1R554ICJMAA4Y,2,2,100.00%,0,0,0.00%,0,0,0.00%,1,,,,,,,,,,,,,,,,100,,,,,,,,0,,0,,,,,,,,,,,,Never Blocked,,
595,A1R5E7FW7FG2EP,https://gamma-requester.mturk.com/workers/A1R5E7FW7FG2EP,1,1,100.00%,0,0,0.00%,0,0,0.00%,,,,,,,,,,,,,,,1,,,,,,,,1,,,,,,,,,,,,,,,,Never Blocked,,
596,A1R5JNC2LO6X1S,https://gamma-requester.mturk.com/workers/A1R5JNC2LO6X1S,1,1,100.00%,0,0,0.00%,0,0,0.00%,,,,,,,,,,,,,,,,,100,,,,,,,,,,,,,,,,,,,,,,Never Blocked,,
597,A1R5O1NGQM4OU1,https://gamma-requester.mturk.com/workers/A1R5O1NGQM4OU1,4,4,100.00%,0,0,0.00%,0,0,0.00%,1,,,,,,,,,,,,,,,,100,,,,,,,,0,,0,,1,,1,,1,,,,,,Never Blocked,,
598,A1R5W4RQZTROD8,https://gamma-requester.mturk.com/workers/A1R5W4RQZTROD8,1,1,100.00%,0,0,0.00%,0,0,0.00%,1,,,,,,,,,,,,,,,,100,,,,,,,,0,,0,,,,,,,,,,1,,Never Blocked,,
599,A1R66QUSIZZ175,https://gamma-requester.mturk.com/workers/A1R66QUSIZZ175,1,1,100.00%,0,0,0.00%,0,0,0.00%,1,,,,,,,,,,,,,,,,100,,,,,,,,0,,0,,,,,,,,,,,,Never Blocked,,
600,A1R780RJYQ68GY,https://gamma-requester.mturk.com/workers/A1R780RJYQ68GY,1,1,100.00%,0,0,0.00%,0,0,0.00%,1,,,,,,,,,,,,,,,,100,,,,,,,,0,,0,,,,,,,,,,1,,Never Blocked,,
601,A1R8323OG1JHVD,https://gamma-requester.mturk.com/workers/A1R8323OG1JHVD,0,0,0.00%,0,0,0.00%,0,0,0.00%,,,,,,,,,,,,,,1,,,,,,,,,,,,,,,,,,,,,,,,,Never Blocked,,
602,A1R8A8BK2VN7RH,https://gamma-requester.mturk.com/workers/A1R8A8BK2VN7RH,1,1,100.00%,0,0,0.00%,0,0,0.00%,1,,,,,,,,,,,,,,,,100,,,,,,,,0,,0,,,,,,,,,,,,Never Blocked,,
603,A1R8Q9KXX4Q5T6,https://gamma-requester.mturk.com/workers/A1R8Q9KXX4Q5T6,2,2,100.00%,0,0,0.00%,0,0,0.00%,,,,,,,,,,,,,,,1,,,,,,,,1,,,,,,,,,,,,,,,,Never Blocked,,
604,A1RC2ETLOSZGP0,https://gamma-requester.mturk.com/workers/A1RC2ETLOSZGP0,5,5,100.00%,0,0,0.00%,0,0,0.00%,1,,,,,,,,,,,,,,,,100,,,,,,,,1,,1,,1,,1,,1,,,,,,Never Blocked,,
605,A1RC4Y575PV6EG,https://gamma-requester.mturk.com/workers/A1RC4Y575PV6EG,2,2,100.00%,0,0,0.00%,0,0,0.00%,,,,,,,,,,,,,,,,,1,,,,,,,,,,,,,,,,,,,,,,Never Blocked,,
606,A1RDRK3QTM7U96,https://gamma-requester.mturk.com/workers/A1RDRK3QTM7U96,1,1,100.00%,0,0,0.00%,0,0,0.00%,1,,,,,,,,,,,,,,,,100,,,,,,,,0,,0,,,,,,,,,,1,,Never Blocked,,
607,A1RH3X41J9J05R,https://gamma-requester.mturk.com/workers/A1RH3X41J9J05R,1,1,100.00%,0,0,0.00%,0,0,0.00%,1,,,,,,,,,,,,,,,,100,,,,,,,,0,,0,,,,,,1,,,,,,Never Blocked,,
608,A1RHBUX8TCACCX,https://gamma-requester.mturk.com/workers/A1RHBUX8TCACCX,1,1,100.00%,0,0,0.00%,0,0,0.00%,1,,,,,,,,,,,,,,,,100,,,,,,,,0,,0,,,,,,1,,,,,,Never Blocked,,
609,A1RKPJXWHAP8J2,https://gamma-requester.mturk.com/workers/A1RKPJXWHAP8J2,1,1,100.00%,0,0,0.00%,0,0,0.00%,1,,,,,,,,,,,,,,,,100,,,,,,,,0,,0,,,,,,1,,,,,,Never Blocked,,
610,A1RL6LTB8DSNVE,https://gamma-requester.mturk.com/workers/A1RL6LTB8DSNVE,1,1,100.00%,0,0,0.00%,0,0,0.00%,1,,,,,,,,,,,,,,,,100,,,,,,,,0,,0,,,,,,1,,,,,,Never Blocked,,
611,A1RQLE4ZMTU22A,https://gamma-requester.mturk.com/workers/A1RQLE4ZMTU22A,1,1,100.00%,0,0,0.00%,0,0,0.00%,1,,,,,,,,,,,,,,,,100,,,,,,,,0,,0,,,,,,,,,,1,,Never Blocked,,
612,A1RQW7N977OAGE,https://gamma-requester.mturk.com/workers/A1RQW7N977OAGE,1,1,100.00%,0,0,0.00%,0,0,0.00%,,,,,,,,,,,,,,,1,,,,,,,,,,,,,,,,,,,,,,,,Never Blocked,,
613,A1RSQOCZVV1FF2,https://gamma-requester.mturk.com/workers/A1RSQOCZVV1FF2,2,2,100.00%,0,0,0.00%,0,0,0.00%,,,,,,,,,,,1,,,,,,1,,,,,,,,,,,,,,,,,,,,,,Never Blocked,,
614,A1RTWAUUK4DYET,https://gamma-requester.mturk.com/workers/A1RTWAUUK4DYET,1,1,100.00%,0,0,0.00%,0,0,0.00%,1,,,,,,,,,,,,,,,,100,,,,,,,,0,,0,,,,,,,,,,,,Never Blocked,,
615,A1RYYUMI4559L6,https://gamma-requester.mturk.com/workers/A1RYYUMI4559L6,1,1,100.00%,0,0,0.00%,0,0,0.00%,,,,,,,,,,,,,,,,,,,,,,,,,,,,,,,,,,,,,,,Never Blocked,,
616,A1S0QK9U7INTSX,https://gamma-requester.mturk.com/workers/A1S0QK9U7INTSX,2,2,100.00%,0,0,0.00%,0,0,0.00%,,,,,,,1,,,,,,,,,,,,,,,,,,,,,,,,,,,,1,,,,Never Blocked,,
617,A1S6C6EN8MPKC3,https://gamma-requester.mturk.com/workers/A1S6C6EN8MPKC3,1,1,100.00%,0,0,0.00%,0,0,0.00%,1,,,,,,,,,,,,,,,,100,,,,,,,,0,,0,,,,,,1,,,,,,Never Blocked,,
618,A1S6HI6UDJ185W,https://gamma-requester.mturk.com/workers/A1S6HI6UDJ185W,1,1,100.00%,0,0,0.00%,0,0,0.00%,,,,,,,,,,,,,,,1,,,,,,,,,,,,,,,,,,,,,,,,Never Blocked,,
619,A1S8KMGKJACGVO,https://gamma-requester.mturk.com/workers/A1S8KMGKJACGVO,1,1,100.00%,0,0,0.00%,0,0,0.00%,1,,,,,,,,,,,,,,,,100,,,,,,,,0,,0,,,,,,,,,,,,Never Blocked,,
620,A1SAQONVOUTLP4,https://gamma-requester.mturk.com/workers/A1SAQONVOUTLP4,1,1,100.00%,0,0,0.00%,0,0,0.00%,,,,,,,,,,,,,,,1,,,,,,,,,,,,,,,,,,,,,,,,Never Blocked,,
621,A1SARRYNMZDVXB,https://gamma-requester.mturk.com/workers/A1SARRYNMZDVXB,1,1,100.00%,0,0,0.00%,0,0,0.00%,,,,,,,,,,,,,,,,,,,,,,,,,,,,,,,,,,,1,,,,Never Blocked,,
622,A1SC3CR9BN0HZW,https://gamma-requester.mturk.com/workers/A1SC3CR9BN0HZW,1,1,100.00%,0,0,0.00%,0,0,0.00%,1,,,,,,,,,,,,,,,,100,,,,,,,,0,,0,,,,,,,,,,1,,Never Blocked,,
623,A1SGTL6LGLW4DK,https://gamma-requester.mturk.com/workers/A1SGTL6LGLW4DK,1,1,100.00%,0,0,0.00%,0,0,0.00%,,,,,,,,,,,,,,,,,100,,,,,,,,,,,,,,,,,,,,,,Never Blocked,,
624,A1SHLWKA0UH1IS,https://gamma-requester.mturk.com/workers/A1SHLWKA0UH1IS,1,1,100.00%,0,0,0.00%,0,0,0.00%,,,,,,,,,,,,,,,,,,,,,,,,,,,,,,,,,,,,,,,Never Blocked,,
625,A1SISJL5ST2PWH,https://gamma-requester.mturk.com/workers/A1SISJL5ST2PWH,1,1,100.00%,0,0,0.00%,0,0,0.00%,1,,,,,,,,,,,,,,,,100,,,,,,,,0,,0,,,,,,,,,,,,Never Blocked,,
626,A1SIXEE6JS7RLP,https://gamma-requester.mturk.com/workers/A1SIXEE6JS7RLP,1,1,100.00%,0,0,0.00%,0,0,0.00%,,,,,,,,,,,,,,,,,,,,,,,,,,,,,,,,,,,,,,,Never Blocked,,
627,A1SIXXTFZDSKMA,https://gamma-requester.mturk.com/workers/A1SIXXTFZDSKMA,3,3,100.00%,0,0,0.00%,0,0,0.00%,1,,,,,,,,,,,,,,,,100,,,,,,,,0,,0,,1,,1,,1,,,,,,Never Blocked,,
628,A1SJLXB0XFCJ97,https://gamma-requester.mturk.com/workers/A1SJLXB0XFCJ97,1,1,100.00%,0,0,0.00%,0,0,0.00%,,,,,,,,,,,,,,,,,,,,,,,,,,,,,,,,,,,,,,,Never Blocked,,
629,A1SJRFJWFXSDH4,https://gamma-requester.mturk.com/workers/A1SJRFJWFXSDH4,1,1,100.00%,0,0,0.00%,0,0,0.00%,1,,,,,,,,,,,,,,,,100,,,,,,,,0,,0,,,,,,,,,,,,Never Blocked,,
630,A1SL10V8CDNI9H,https://gamma-requester.mturk.com/workers/A1SL10V8CDNI9H,2,2,100.00%,0,0,0.00%,0,0,0.00%,,,,,,,,,,,,,,,1,,,,,,,,1,,,,,,,,,,,,1,,,,Never Blocked,,
631,A1SL5HQI6ZRN6O,https://gamma-requester.mturk.com/workers/A1SL5HQI6ZRN6O,1,1,100.00%,0,0,0.00%,0,0,0.00%,1,,,,,,,,,,,,,,,,100,,,,,,,,0,,0,,,,,,,,,,1,,Never Blocked,,
632,A1SL72YBUW8Q8K,https://gamma-requester.mturk.com/workers/A1SL72YBUW8Q8K,1,1,100.00%,0,0,0.00%,0,0,0.00%,1,,,,,,,,,,,,,,,,100,,,,,,,,0,,0,,,,,,1,,,,,,Never Blocked,,
633,A1SL80AWG592HX,https://gamma-requester.mturk.com/workers/A1SL80AWG592HX,1,1,100.00%,0,0,0.00%,0,0,0.00%,,,,,,,,,,,,,,,,,1,,,,,,,,,,,,,,,,,,,,,,Never Blocked,,
634,A1SLJKNSNHOJRN,https://gamma-requester.mturk.com/workers/A1SLJKNSNHOJRN,1,1,100.00%,0,0,0.00%,0,0,0.00%,1,,,,,,,,,,,,,,,,100,,,,,,,,0,,0,,,,,,,,,,1,,Never Blocked,,
635,A1SN7EOZUW5VP3,https://gamma-requester.mturk.com/workers/A1SN7EOZUW5VP3,2,2,100.00%,1,1,100.00%,1,1,100.00%,,,,,,,,,,,,,1,1,1,,,,,,,,,,,,,,,,,,,,,,,,Never Blocked,,
636,A1SNC8UL8YFRH5,https://gamma-requester.mturk.com/workers/A1SNC8UL8YFRH5,3,3,100.00%,0,0,0.00%,0,0,0.00%,1,,,,,,,,,,,,,,,,100,,,,1,,,,0,,0,,,,,,,,1,,1,,Never Blocked,,
637,A1SOBOYFROI6QG,https://gamma-requester.mturk.com/workers/A1SOBOYFROI6QG,1,1,100.00%,0,0,0.00%,0,0,0.00%,,,,,,,,,,,1,,,,,,1,,,,,,,,,,,,,,,,,,,,,,Never Blocked,,
638,A1SOFLJOEQB591,https://gamma-requester.mturk.com/workers/A1SOFLJOEQB591,1,1,100.00%,0,0,0.00%,0,0,0.00%,1,,,,,,,,,,,,,,,,100,,,,,,,,0,,0,,,,,,1,,,,,,Never Blocked,,
639,A1SOQ9Q35SASE4,https://gamma-requester.mturk.com/workers/A1SOQ9Q35SASE4,1,1,100.00%,0,0,0.00%,0,0,0.00%,1,,,,,,,,,,,,,,,,100,,,,,,,,0,,0,,,,,,,,,,1,,Never Blocked,,
640,A1SRNM9EL4PSC6,https://gamma-requester.mturk.com/workers/A1SRNM9EL4PSC6,1,1,100.00%,0,0,0.00%,0,0,0.00%,1,,,,,,,,,,,,,,,,100,,,,,,,,0,,0,,,,,,,,,,,,Never Blocked,,
641,A1SRSP0X39CGRW,https://gamma-requester.mturk.com/workers/A1SRSP0X39CGRW,1,1,100.00%,0,0,0.00%,0,0,0.00%,,,,,,,,,,,,,,,,,,,,,,,,,,,,,,,,,,,,,,,Never Blocked,,
642,A1SSU9086VGUC5,https://gamma-requester.mturk.com/workers/A1SSU9086VGUC5,2,2,100.00%,0,0,0.00%,0,0,0.00%,,,,,,,1,,,,,,,,,,,,,,,,,,,,,,,,,,,,1,,,,Never Blocked,,
643,A1STC10BXEP495,https://gamma-requester.mturk.com/workers/A1STC10BXEP495,1,1,100.00%,0,0,0.00%,0,0,0.00%,,,,,,,,,,,,,,,,,100,,,,,,,,,,,,,,,,,,,,,,Never Blocked,,
644,A1STMZJAE4X0P,https://gamma-requester.mturk.com/workers/A1STMZJAE4X0P,2,2,100.00%,0,0,0.00%,0,0,0.00%,,,,,,,,,,,,,,,1,,,,,,,,1,,,,,,,,,,,,,,,,Never Blocked,,
645,A1SUXLAA9QS64Y,https://gamma-requester.mturk.com/workers/A1SUXLAA9QS64Y,0,0,0.00%,0,0,0.00%,0,0,0.00%,,,,,,,,,,,,,,1,,,,,,,,,,,,,,,,,,,,,,,,,Never Blocked,,
646,A1SVHLD3PUUNN1,https://gamma-requester.mturk.com/workers/A1SVHLD3PUUNN1,1,1,100.00%,1,1,100.00%,0,0,0.00%,,,,,,,,,,,,,1,,,,,,,,,,,,,,,,,,,,,,,,,,Never Blocked,,
647,A1SZJQ89OOK2EO,https://gamma-requester.mturk.com/workers/A1SZJQ89OOK2EO,1,1,100.00%,0,0,0.00%,0,0,0.00%,1,,,,,,,,,,,,,,,,100,,,,,,,,0,,0,,,,,,,,,,,,Never Blocked,,
648,A1T0ND039EWAVV,https://gamma-requester.mturk.com/workers/A1T0ND039EWAVV,3,3,100.00%,0,0,0.00%,0,0,0.00%,1,,,,,,,,,,,,,,,,100,,,,,,,,0,,0,,1,,1,,1,,,,,,Never Blocked,,
649,A1T0S48O0CMXBC,https://gamma-requester.mturk.com/workers/A1T0S48O0CMXBC,1,1,100.00%,0,0,0.00%,0,0,0.00%,1,,,,,,,,,,,,,,,,100,,,,,,,,0,,0,,,,,,,,,,1,,Never Blocked,,
650,A1T2JRYTUVUD2O,https://gamma-requester.mturk.com/workers/A1T2JRYTUVUD2O,1,1,100.00%,0,0,0.00%,0,0,0.00%,,,,,,,1,,,,,,,,,,,,,,,,,,,,,,,,,,,,,,,,Never Blocked,,
651,A1T3ZNKR5GG0TP,https://gamma-requester.mturk.com/workers/A1T3ZNKR5GG0TP,1,1,100.00%,0,0,0.00%,0,0,0.00%,,,,,,,,,,,,,,,,,,,,,,,,,,,,,,,,,,,,,,,Never Blocked,,
652,A1T643M1P572AA,https://gamma-requester.mturk.com/workers/A1T643M1P572AA,1,1,100.00%,0,0,0.00%,0,0,0.00%,1,,,,,,,,,,,,,,,,100,,,,,,,,0,,0,,,,,,,,,,1,,Never Blocked,,
653,A1T6TTD7XCUHOU,https://gamma-requester.mturk.com/workers/A1T6TTD7XCUHOU,2,2,100.00%,0,0,0.00%,0,0,0.00%,,,,,,,1,,,,,,,,,,,,,,,,,,,,,,,,,,,,,,,,Never Blocked,,
654,A1T90U2KNBZZR5,https://gamma-requester.mturk.com/workers/A1T90U2KNBZZR5,1,1,100.00%,0,0,0.00%,0,0,0.00%,,,,,,,,,,,,,,,,,1,,,,,,,,,,,,,,,,,,,,,,Never Blocked,,
655,A1TARNH07A75CG,https://gamma-requester.mturk.com/workers/A1TARNH07A75CG,1,1,100.00%,0,0,0.00%,0,0,0.00%,1,,,,,,,,,,,,,,,,100,,,,,,,,0,,0,,,,,,,,,,1,,Never Blocked,,
656,A1TGV7LT6LTIQU,https://gamma-requester.mturk.com/workers/A1TGV7LT6LTIQU,1,1,100.00%,0,0,0.00%,0,0,0.00%,1,,,,,,,,,,,,,,,,100,,,,,,,,0,,0,,,,,,,,,,1,,Never Blocked,,
657,A1TJ3LM4KVXNWG,https://gamma-requester.mturk.com/workers/A1TJ3LM4KVXNWG,1,1,100.00%,0,0,0.00%,0,0,0.00%,1,,,,,,,,,,,,,,,,100,,,,,,,,0,,0,,,,,,,,,,1,,Never Blocked,,
658,A1TKQJUFNN40MJ,https://gamma-requester.mturk.com/workers/A1TKQJUFNN40MJ,2,2,100.00%,0,0,0.00%,0,0,0.00%,,,,,,,,,1,,,,,,,,1,,,,,,,,,,,,,,,,,,,,,,Never Blocked,,
659,A1TKZIBGTP7FE8,https://gamma-requester.mturk.com/workers/A1TKZIBGTP7FE8,2,2,100.00%,0,0,0.00%,0,0,0.00%,,,,,,,,,,,,,,,,,,,,,1,,,,,,,,,,,,,,1,,,,Never Blocked,,
660,A1TLNLB9D87H6,https://gamma-requester.mturk.com/workers/A1TLNLB9D87H6,1,1,100.00%,0,0,0.00%,0,0,0.00%,,,,,,,,,,,1,,,,,,1,,,,,,,,,,,,,,,,,,,,,,Never Blocked,,
661,A1TM3LLCKLP5Y3,https://gamma-requester.mturk.com/workers/A1TM3LLCKLP5Y3,1,1,100.00%,0,0,0.00%,0,0,0.00%,,,,,,,,,,,,,,,,,,,,,,,,,,,,,,,,,,,1,,,,Never Blocked,,
662,A1TN0UDLWSGWU7,https://gamma-requester.mturk.com/workers/A1TN0UDLWSGWU7,4,4,100.00%,0,0,0.00%,0,0,0.00%,1,,,,,,,,,,,,,,,,100,,,,,,,,0,,1,,1,,1,,1,,,,,,Never Blocked,,
663,A1TO8HA1LHLR52,https://gamma-requester.mturk.com/workers/A1TO8HA1LHLR52,1,1,100.00%,0,0,0.00%,0,0,0.00%,1,,,,,,,,,,,,,,,,100,,,,,,,,0,,0,,,,,,,,,,,,Never Blocked,,
664,A1TOER30AQUY2F,https://gamma-requester.mturk.com/workers/A1TOER30AQUY2F,1,1,100.00%,0,0,0.00%,0,0,0.00%,1,,,,,,,,,,,,,,,,100,,,,,,,,0,,0,,,,,,,,1,,1,,Never Blocked,,
665,A1TPGXT718D68E,https://gamma-requester.mturk.com/workers/A1TPGXT718D68E,2,2,100.00%,0,0,0.00%,0,0,0.00%,,,,,,,1,,,,,,,,,,,,,,,,,,,,,,,,,,,,,,,,Never Blocked,,
666,A1TQ9ULE5R842V,https://gamma-requester.mturk.com/workers/A1TQ9ULE5R842V,2,2,100.00%,0,0,0.00%,0,0,0.00%,,,,,,,,,,,,,,,1,,,,,,,,1,,,,,,,,,,,,,,,,Never Blocked,,
667,A1TRO537S2U7QV,https://gamma-requester.mturk.com/workers/A1TRO537S2U7QV,4,4,100.00%,0,0,0.00%,0,0,0.00%,1,,,,,,,,,,,,,,,,100,,,,,,,,0,,0,,1,,1,,1,,,,,,Never Blocked,,
668,A1TRR601XVC4D7,https://gamma-requester.mturk.com/workers/A1TRR601XVC4D7,1,1,100.00%,0,0,0.00%,0,0,0.00%,1,,,,,,,,,,,,,,,,100,,,,,,,,0,,0,,,,,,,,,,1,,Never Blocked,,
669,A1TVTBW5CSYTF9,https://gamma-requester.mturk.com/workers/A1TVTBW5CSYTF9,1,1,100.00%,0,0,0.00%,0,0,0.00%,1,,,,,,,,,,,,,,,,100,,,,,,,,0,,0,,,,,,,,,,1,,Never Blocked,,
670,A1TW2BZRRS874Z,https://gamma-requester.mturk.com/workers/A1TW2BZRRS874Z,1,1,100.00%,0,0,0.00%,0,0,0.00%,1,,,,,,,,,,,,,,,,100,,,,,,,,0,,0,,,,,,,,,,,,Never Blocked,,
671,A1TXW9TMMU6K2U,https://gamma-requester.mturk.com/workers/A1TXW9TMMU6K2U,1,1,100.00%,0,0,0.00%,0,0,0.00%,1,,,,,,,,,,,,,,,,100,,,,,,,,0,,0,,,,,,,,,,,,Never Blocked,,
672,A1TY1T80SHMHQQ,https://gamma-requester.mturk.com/workers/A1TY1T80SHMHQQ,1,1,100.00%,0,0,0.00%,0,0,0.00%,1,,,,,,,,,,,,,,,,100,,,,,,,,0,,0,,,,,,,,,,,,Never Blocked,,
673,A1U0FDPQ953KXX,https://gamma-requester.mturk.com/workers/A1U0FDPQ953KXX,2,2,100.00%,0,0,0.00%,0,0,0.00%,,,,,,,,,1,,,,,,,,1,,,,,,,,,,,,,,,,,,,,,,Never Blocked,,
674,A1U1CPZ9Y9KYFF,https://gamma-requester.mturk.com/workers/A1U1CPZ9Y9KYFF,1,1,100.00%,0,0,0.00%,0,0,0.00%,1,,,,,,,,,,,,,,,,100,,,,,,,,0,,0,,,,,,,,,,1,,Never Blocked,,
675,A1U1QHWJPNE6V1,https://gamma-requester.mturk.com/workers/A1U1QHWJPNE6V1,5,5,100.00%,0,0,0.00%,0,0,0.00%,1,,,,,,,,,,,,,,,,100,,,,,,,,1,,1,,1,,1,,1,,,,,,Never Blocked,,
676,A1U3TT3VMH9FU9,https://gamma-requester.mturk.com/workers/A1U3TT3VMH9FU9,1,1,100.00%,0,0,0.00%,0,0,0.00%,1,,,,,,,,,,,,,,,,100,,,,,,,,0,,0,,,,,,,,,,1,,Never Blocked,,
677,A1U686ZS9LI9O6,https://gamma-requester.mturk.com/workers/A1U686ZS9LI9O6,3,3,100.00%,0,0,0.00%,0,0,0.00%,1,,,,,,,,,,,,,,,,100,,,,,,,,0,,0,,1,,1,,1,,,,,,Never Blocked,,
678,A1U69QDM8UIXZ5,https://gamma-requester.mturk.com/workers/A1U69QDM8UIXZ5,1,1,100.00%,0,0,0.00%,0,0,0.00%,1,,,,,,,,,,,,,,,,100,,,,,,,,0,,0,,,,,,1,,,,,,Never Blocked,,
679,A1UACZOEGQ86U6,https://gamma-requester.mturk.com/workers/A1UACZOEGQ86U6,1,1,100.00%,0,0,0.00%,0,0,0.00%,1,,,,,,,,,,,,,,,,100,,,,,,,,0,,0,,,,,,,,,,1,,Never Blocked,,
680,A1UEHTBS0LZAA0,https://gamma-requester.mturk.com/workers/A1UEHTBS0LZAA0,1,1,100.00%,0,0,0.00%,0,0,0.00%,,,,,,,,,,,,,,,,,1,,,,,,,,,,,,,,,,,,,,,,Never Blocked,,
681,A1UEMMSI1XUBSW,https://gamma-requester.mturk.com/workers/A1UEMMSI1XUBSW,2,2,100.00%,0,0,0.00%,0,0,0.00%,,,,,,,,,1,,,,,,,,1,,,,,,,,,,,,,,,,,,,,,,Never Blocked,,
682,A1UFS2BDTPT5DX,https://gamma-requester.mturk.com/workers/A1UFS2BDTPT5DX,1,1,100.00%,0,0,0.00%,0,0,0.00%,,,,,,,,,,,,,,,,,100,,,,,,,,,,,,,,,,,,,,,,Never Blocked,,
683,A1UJ3TGT8671NH,https://gamma-requester.mturk.com/workers/A1UJ3TGT8671NH,2,2,100.00%,0,0,0.00%,0,0,0.00%,1,,,,,,,,,,,,,,,,100,,,,,,,,0,,0,,,,1,,1,,,,,,Never Blocked,,
684,A1UJWR5MS1ASQV,https://gamma-requester.mturk.com/workers/A1UJWR5MS1ASQV,1,1,100.00%,0,0,0.00%,0,0,0.00%,,,,,,,,,,,,,,,,,,,,,,,,,,,,,,,,,,,,,,,Never Blocked,,
685,A1UK8S8R5QYL6D,https://gamma-requester.mturk.com/workers/A1UK8S8R5QYL6D,2,2,100.00%,0,0,0.00%,0,0,0.00%,1,,,,,,,,,,,,,,,,100,,,,,,,,0,,0,,,,1,,1,,,,,,Never Blocked,,
686,A1UKGV9F0QODK0,https://gamma-requester.mturk.com/workers/A1UKGV9F0QODK0,1,1,100.00%,0,0,0.00%,0,0,0.00%,,,,,,,,,,,,,,,,,1,,,,,,,,,,,,,,,,,,,,,,Never Blocked,,
687,A1ULLCVPGXBYUB,https://gamma-requester.mturk.com/workers/A1ULLCVPGXBYUB,1,1,100.00%,0,0,0.00%,0,0,0.00%,,,,,,,,,,,,,,,,,,,,,,,,,,,,,,,,,,,,,,,Never Blocked,,
688,A1UO16EOWU5K9W,https://gamma-requester.mturk.com/workers/A1UO16EOWU5K9W,1,1,100.00%,0,0,0.00%,0,0,0.00%,,,,,,,,,,,,,,,,,,,,,,,,,,,,,,,,,,,1,,,,Never Blocked,,
689,A1UO6TAVM2WV3J,https://gamma-requester.mturk.com/workers/A1UO6TAVM2WV3J,1,1,100.00%,0,0,0.00%,0,0,0.00%,,,,,,,1,,,,,,,,,,,,,,,,,,,,,,,,,,,,1,,,,Never Blocked,,
690,A1UQYQO65E47IL,https://gamma-requester.mturk.com/workers/A1UQYQO65E47IL,1,1,100.00%,0,0,0.00%,0,0,0.00%,,,,,,,,,,,,,,,1,,,,,,,,,,,,,,,,,,,,,,,,Never Blocked,,
691,A1UR15IJ4Y48XO,https://gamma-requester.mturk.com/workers/A1UR15IJ4Y48XO,1,1,100.00%,0,0,0.00%,0,0,0.00%,1,,,,,,,,,,,,,,,,100,,,,,,,,0,,0,,,,,,,,,,,,Never Blocked,,
692,A1UTNAK70QH9JS,https://gamma-requester.mturk.com/workers/A1UTNAK70QH9JS,1,1,100.00%,0,0,0.00%,0,0,0.00%,,,,,,,,,,,,,,,,,1,,,,,,,,,,,,,,,,,,,,,,Never Blocked,,
693,A1UTY4CQSZ8NW,https://gamma-requester.mturk.com/workers/A1UTY4CQSZ8NW,1,0,0.00%,0,0,0.00%,0,0,0.00%,,,,,,,,,,,,,,,,,1,,,,,,,,,,,,,,,,,,,,,,Never Blocked,,
694,A1UV0XY0Z70X84,https://gamma-requester.mturk.com/workers/A1UV0XY0Z70X84,1,1,100.00%,0,0,0.00%,0,0,0.00%,1,,,,,,,,,,,,,,,,100,,,,,,,,0,,0,,,,,,,,,,,,Never Blocked,,
695,A1UV9BMWWQZY0H,https://gamma-requester.mturk.com/workers/A1UV9BMWWQZY0H,1,1,100.00%,0,0,0.00%,0,0,0.00%,,,,,,,,,,,,,,,,,1,,,,,,,,,,,,,,,,,,,,,,Never Blocked,,
696,A1UWT2K41CL23T,https://gamma-requester.mturk.com/workers/A1UWT2K41CL23T,1,1,100.00%,1,1,100.00%,1,1,100.00%,,,,,,,,,,,,,1,,,,,,,,,,,,,,,,,,,,,,,,,,Never Blocked,,
697,A1UY2W2FL9CWN,https://gamma-requester.mturk.com/workers/A1UY2W2FL9CWN,1,1,100.00%,0,0,0.00%,0,0,0.00%,1,,,,,,,,,,,,,,,,100,,,,,,,,0,,0,,,,,,,,,,1,,Never Blocked,,
698,A1UZXOMO6BS6I2,https://gamma-requester.mturk.com/workers/A1UZXOMO6BS6I2,1,1,100.00%,0,0,0.00%,0,0,0.00%,1,,,,,,,,,,,,,,,,100,,,,,,,,0,,0,,,,,,,,,,,,Never Blocked,,
699,A1V3I0EG3DVY29,https://gamma-requester.mturk.com/workers/A1V3I0EG3DVY29,1,1,100.00%,0,0,0.00%,0,0,0.00%,1,,,,,,,,,,,,,,,,100,,,,,,,,0,,0,,,,,,,,,,,,Never Blocked,,
700,A1V8SDVOE9LFDT,https://gamma-requester.mturk.com/workers/A1V8SDVOE9LFDT,1,1,100.00%,0,0,0.00%,0,0,0.00%,1,,,,,,,,,,,,,,,,100,,,,,,,,0,,0,,,,,,,,,,,,Never Blocked,,
701,A1VAJ5IQDKPUFY,https://gamma-requester.mturk.com/workers/A1VAJ5IQDKPUFY,3,3,100.00%,0,0,0.00%,0,0,0.00%,1,,,,,,,,,,,,,,,,100,,,,,,,,0,,0,,1,,1,,1,,,,,,Never Blocked,,
702,A1VAL7L9L79IN0,https://gamma-requester.mturk.com/workers/A1VAL7L9L79IN0,1,1,100.00%,0,0,0.00%,0,0,0.00%,1,,,,,,,,,,,,,,,,100,,,,,,,,0,,0,,,,,,,,,,1,,Never Blocked,,
703,A1VB2LP675RP8E,https://gamma-requester.mturk.com/workers/A1VB2LP675RP8E,1,1,100.00%,0,0,0.00%,0,0,0.00%,,,,,,,1,,,,,,,,,,,,,,,,,,,,,,,,,,,,1,,,,Never Blocked,,
704,A1VBA5TN6G265Q,https://gamma-requester.mturk.com/workers/A1VBA5TN6G265Q,1,1,100.00%,0,0,0.00%,0,0,0.00%,,,,,,,1,,,,,,,,,,,,,,,,,,,,,,,,,,,,,,,,Never Blocked,,
705,A1VCAMP3XM62R4,https://gamma-requester.mturk.com/workers/A1VCAMP3XM62R4,1,1,100.00%,0,0,0.00%,0,0,0.00%,1,,,,,,,,,,,,,,,,100,,,,,,,,0,,0,,,,,,,,,,1,,Never Blocked,,
706,A1VCN0ZDPV4U2T,https://gamma-requester.mturk.com/workers/A1VCN0ZDPV4U2T,1,1,100.00%,0,0,0.00%,0,0,0.00%,,,,,,,,,,,,,,,,,1,,,,,,,,,,,,,,,,,,,,,,Never Blocked,,
707,A1VHBFMIJYL5SB,https://gamma-requester.mturk.com/workers/A1VHBFMIJYL5SB,1,1,100.00%,0,0,0.00%,0,0,0.00%,1,,,,,,,,,,,,,,,,100,,,,,,,,0,,0,,,,,,,,,,,,Never Blocked,,
708,A1VIDXC2Z3KSCJ,https://gamma-requester.mturk.com/workers/A1VIDXC2Z3KSCJ,1,1,100.00%,0,0,0.00%,0,0,0.00%,1,,,,,,,,,,,,,,,,100,,,,,,,,0,,0,,,,,,1,,,,,,Never Blocked,,
709,A1VJ4ZOXP9PUCP,https://gamma-requester.mturk.com/workers/A1VJ4ZOXP9PUCP,2,2,100.00%,0,0,0.00%,0,0,0.00%,,,,,,,,,,,,,,,1,,,,,,,,1,,,,,,,,,,,,,,,,Never Blocked,,
710,A1VKGII4PKKS3T,https://gamma-requester.mturk.com/workers/A1VKGII4PKKS3T,1,1,100.00%,0,0,0.00%,0,0,0.00%,1,,,,,,,,,,,,,,,,100,,,,,,,,0,,0,,,,,,,,,,,,Never Blocked,,
711,A1VL7507UONPX0,https://gamma-requester.mturk.com/workers/A1VL7507UONPX0,1,1,100.00%,0,0,0.00%,0,0,0.00%,1,,,,,,,,,,,,,,,,100,,,,,,,,0,,0,,,,,,,,,,1,,Never Blocked,,
712,A1VLH6ZN45VELT,https://gamma-requester.mturk.com/workers/A1VLH6ZN45VELT,1,1,100.00%,0,0,0.00%,0,0,0.00%,,,,,,,,,,,,,,,,,1,,,,,,,,,,,,,,,,,,,,,,Never Blocked,,
713,A1VMPZVVVZUCS4,https://gamma-requester.mturk.com/workers/A1VMPZVVVZUCS4,1,1,100.00%,0,0,0.00%,0,0,0.00%,1,,,,,,,,,,,,,,,,100,,,,,,,,0,,0,,,,,,,,,,1,,Never Blocked,,
714,A1VPF02G3O7NAP,https://gamma-requester.mturk.com/workers/A1VPF02G3O7NAP,1,1,100.00%,1,1,100.00%,1,1,100.00%,,,,,,,,,,,,,1,,,,,,,,,,,,,,,,,,,,,,,,,,Never Blocked,,
715,A1VR1XQEQQXYUE,https://gamma-requester.mturk.com/workers/A1VR1XQEQQXYUE,1,1,100.00%,0,0,0.00%,0,0,0.00%,1,,,,,,,,,,,,,,,,100,,,,,,,,0,,0,,,,,,,,,,1,,Never Blocked,,
716,A1VRBTDT3VJSIA,https://gamma-requester.mturk.com/workers/A1VRBTDT3VJSIA,1,1,100.00%,0,0,0.00%,0,0,0.00%,1,,,,,,,,,,,,,,,,100,,,,,,,,0,,0,,,,,,,,,,1,,Never Blocked,,
717,A1VRG5HKZC0H0C,https://gamma-requester.mturk.com/workers/A1VRG5HKZC0H0C,1,1,100.00%,0,0,0.00%,0,0,0.00%,1,,,,,,,,,,,,,,,,100,,,,,,,,0,,0,,,,,,,,,,,,Never Blocked,,
718,A1VRXZADIKWB4S,https://gamma-requester.mturk.com/workers/A1VRXZADIKWB4S,1,1,100.00%,0,0,0.00%,0,0,0.00%,1,,,,,,,,,,,,,,,,100,,,,,,,,0,,0,,,,,,,,,,1,,Never Blocked,,
719,A1VSEDABJFNUVQ,https://gamma-requester.mturk.com/workers/A1VSEDABJFNUVQ,2,2,100.00%,0,0,0.00%,0,0,0.00%,,,,,,,,,,,,,,,,,1,,,,,,,,,,,,,,,,,,,,,,Never Blocked,,
720,A1VVEQOIHSSHX0,https://gamma-requester.mturk.com/workers/A1VVEQOIHSSHX0,1,1,100.00%,0,0,0.00%,0,0,0.00%,1,,,,,,,,,,,,,,,,100,,,,,,,,0,,0,,,,,,,,,,1,,Never Blocked,,
721,A1VVXZYA3TPHP0,https://gamma-requester.mturk.com/workers/A1VVXZYA3TPHP0,1,1,100.00%,0,0,0.00%,0,0,0.00%,1,,,,,,,,,,,,,,,,100,,,,,,,,0,,0,,,,,,,,,,,,Never Blocked,,
722,A1VXAJIELTYK0,https://gamma-requester.mturk.com/workers/A1VXAJIELTYK0,1,1,100.00%,0,0,0.00%,0,0,0.00%,,,,,,,,,,,,,,,,,,,,,,,,,,,,,,,,,,,,,,,Never Blocked,,
723,A1VZ4JK87Z8OXC,https://gamma-requester.mturk.com/workers/A1VZ4JK87Z8OXC,1,1,100.00%,0,0,0.00%,0,0,0.00%,1,,,,,,,,,,,,,,,,100,,,,,,,,0,,0,,,,,,,,,,,,Never Blocked,,
724,A1W3FO0D77CF5T,https://gamma-requester.mturk.com/workers/A1W3FO0D77CF5T,4,4,100.00%,0,0,0.00%,0,0,0.00%,1,,,,,,,,,,,,,,,,100,,,,,,,,0,,1,,1,,1,,1,,,,,,Never Blocked,,
725,A1W43DJMY8JZHS,https://gamma-requester.mturk.com/workers/A1W43DJMY8JZHS,1,1,100.00%,0,0,0.00%,0,0,0.00%,1,,,,,,,,,,,,,,,,100,,,,,,,,0,,0,,,,,,,,,,1,,Never Blocked,,
726,A1W61DW31HCGQ2,https://gamma-requester.mturk.com/workers/A1W61DW31HCGQ2,1,1,100.00%,0,0,0.00%,0,0,0.00%,,,,,,,,,,,,,,,,,1,,,,,,,,,,,,,,,,,,,,,,Never Blocked,,
727,A1W7T8V97ZPUH0,https://gamma-requester.mturk.com/workers/A1W7T8V97ZPUH0,3,3,100.00%,1,1,100.00%,0,0,0.00%,,,,,,,,,,,,,1,,1,,,,,,,,1,,,,,,,,,,,,,,,,Never Blocked,,
728,A1W850QN9RK019,https://gamma-requester.mturk.com/workers/A1W850QN9RK019,3,3,100.00%,0,0,0.00%,0,0,0.00%,1,,,,,,,,,,,,,,,,100,,,,,,,,0,,0,,1,,1,,1,,,,,,Never Blocked,,
729,A1W9HGZ8IKQMTW,https://gamma-requester.mturk.com/workers/A1W9HGZ8IKQMTW,1,1,100.00%,0,0,0.00%,0,0,0.00%,,,,,,,,,,,,,,,,,1,,,,,,,,,,,,,,,,,,,,,,Never Blocked,,
730,A1WBGYZ6Y8NJ9,https://gamma-requester.mturk.com/workers/A1WBGYZ6Y8NJ9,1,1,100.00%,0,0,0.00%,0,0,0.00%,1,,,,,,,,,,,,,,,,100,,,,,,,,0,,0,,,,,,,,,,,,Never Blocked,,
731,A1WKF2VH7TV0H2,https://gamma-requester.mturk.com/workers/A1WKF2VH7TV0H2,1,1,100.00%,0,0,0.00%,0,0,0.00%,1,,,,,,,,,,,,,,,,100,,,,,,,,0,,0,,,,,,,,,,1,,Never Blocked,,
732,A1WL3NZ50YEOWP,https://gamma-requester.mturk.com/workers/A1WL3NZ50YEOWP,1,1,100.00%,0,0,0.00%,0,0,0.00%,1,,,,,,,,,,,,,,,,100,,,,,,,,0,,0,,,,,,,,,,1,,Never Blocked,,
733,A1WLSCW0N2KLCN,https://gamma-requester.mturk.com/workers/A1WLSCW0N2KLCN,2,1,50.00%,0,0,0.00%,0,0,0.00%,,,,,,,,,,,,,,,,,1,,,,,,,,,,,,,,,,,,,,,,Never Blocked,,
734,A1WMOJNU4FFQY8,https://gamma-requester.mturk.com/workers/A1WMOJNU4FFQY8,1,1,100.00%,0,0,0.00%,0,0,0.00%,1,,,,,,,,,,,,,,,,100,,,,,,,,0,,0,,,,,,,,,,,,Never Blocked,,
735,A1WU3FDNCX9IDN,https://gamma-requester.mturk.com/workers/A1WU3FDNCX9IDN,1,1,100.00%,0,0,0.00%,0,0,0.00%,,,,,,,,,,,1,,,,,,1,,,,,,,,,,,,,,,,,,,,,,Never Blocked,,
736,A1WVN6S68Y1M45,https://gamma-requester.mturk.com/workers/A1WVN6S68Y1M45,1,1,100.00%,0,0,0.00%,0,0,0.00%,,,,,,,,,,,,,,,,,1,,,,,,,,,,,,,,,,,,,,,,Never Blocked,,
737,A1WVNDH62P2UNZ,https://gamma-requester.mturk.com/workers/A1WVNDH62P2UNZ,1,1,100.00%,0,0,0.00%,0,0,0.00%,1,,,,,,,,,,,,,,,,100,,,,,,,,0,,0,,,,,,,,,,1,,Never Blocked,,
738,A1WW7F9SWTFSM0,https://gamma-requester.mturk.com/workers/A1WW7F9SWTFSM0,1,1,100.00%,0,0,0.00%,0,0,0.00%,,,,,,,,,,,,,,,,,,,,,,,,,,,,,,,,,,,1,,,,Never Blocked,,
739,A1WX06MCBUD03C,https://gamma-requester.mturk.com/workers/A1WX06MCBUD03C,1,1,100.00%,0,0,0.00%,0,0,0.00%,1,,,,,,,,,,,,,,,,100,,,,,,,,0,,0,,,,,,,,,,1,,Never Blocked,,
740,A1WYD305O12KFE,https://gamma-requester.mturk.com/workers/A1WYD305O12KFE,1,1,100.00%,0,0,0.00%,0,0,0.00%,1,,,,,,,,,,,,,,,,100,,,,,,,,0,,0,,,,,,,,,,,,Never Blocked,,
741,A1WZY0K6IE3ASG,https://gamma-requester.mturk.com/workers/A1WZY0K6IE3ASG,2,2,100.00%,0,0,0.00%,0,0,0.00%,1,,,,,,,,,,,,,,,,100,,,,,,,,0,,0,,,,1,,1,,,,,,Never Blocked,,
742,A1X1HUVI6BTIMV,https://gamma-requester.mturk.com/workers/A1X1HUVI6BTIMV,1,1,100.00%,0,0,0.00%,0,0,0.00%,1,,,,,,,,,,,,,,,,100,,,,,,,,0,,0,,,,,,,,,,1,,Never Blocked,,
743,A1X2J73SSA05TD,https://gamma-requester.mturk.com/workers/A1X2J73SSA05TD,3,3,100.00%,0,0,0.00%,0,0,0.00%,1,,,,,,,,,,,,,,,,100,,,,,,,,0,,0,,1,,1,,1,,,,,,Never Blocked,,
744,A1X65JF24DWI87,https://gamma-requester.mturk.com/workers/A1X65JF24DWI87,1,1,100.00%,0,0,0.00%,0,0,0.00%,1,,,,,,,,,,,,,,,,100,,,,,,,,0,,0,,,,,,,,,,,,Never Blocked,,
745,A1X6CJ1SZU6QV7,https://gamma-requester.mturk.com/workers/A1X6CJ1SZU6QV7,1,1,100.00%,0,0,0.00%,0,0,0.00%,,,,,,,,,,,,,,,1,,,,,,,,,,,,,,,,,,,,,,,,Never Blocked,,
746,A1X8YRYS8MBDWX,https://gamma-requester.mturk.com/workers/A1X8YRYS8MBDWX,1,1,100.00%,0,0,0.00%,0,0,0.00%,1,,,,,,,,,,,,,,,,100,,,,,,,,0,,0,,,,,,,,,,,,Never Blocked,,
747,A1XDNK4KY173CL,https://gamma-requester.mturk.com/workers/A1XDNK4KY173CL,1,1,100.00%,0,0,0.00%,0,0,0.00%,1,,,,,,,,,,,,,,,,100,,,,,,,,0,,0,,,,,,1,,,,,,Never Blocked,,
748,A1XI05JJT3GPRG,https://gamma-requester.mturk.com/workers/A1XI05JJT3GPRG,2,2,100.00%,0,0,0.00%,0,0,0.00%,,,,,,,,,1,,,,,,,,1,,,,,,,,,,,,,,,,,,,,,,Never Blocked,,
749,A1XIQMF8ZAWHGG,https://gamma-requester.mturk.com/workers/A1XIQMF8ZAWHGG,1,1,100.00%,0,0,0.00%,0,0,0.00%,1,,,,,,,,,,,,,,,,100,,,,,,,,0,,0,,,,,,1,,,,,,Never Blocked,,
750,A1XIXGOB9KUMPJ,https://gamma-requester.mturk.com/workers/A1XIXGOB9KUMPJ,1,1,100.00%,0,0,0.00%,0,0,0.00%,,,,,,,,,,,,,,,,,100,,,,,,,,,,,,,,,,,,,,,,Never Blocked,,
751,A1XJCKXP143Y94,https://gamma-requester.mturk.com/workers/A1XJCKXP143Y94,2,2,100.00%,0,0,0.00%,0,0,0.00%,,,,,,,,,,,,,,,1,,,,,,,,1,,,,,,,,,,,,,,,,Never Blocked,,
752,A1XK98QJU92M4E,https://gamma-requester.mturk.com/workers/A1XK98QJU92M4E,1,1,100.00%,0,0,0.00%,0,0,0.00%,,,,,,,,,,,,,,,,,,,,,,,,,,,,,,,,,,,,,,,Never Blocked,,
753,A1XM0SQUNC4EFH,https://gamma-requester.mturk.com/workers/A1XM0SQUNC4EFH,4,4,100.00%,0,0,0.00%,0,0,0.00%,1,,,,,,,,,,,,,,,,100,,,,,,,,0,,1,,1,,1,,1,,,,,,Never Blocked,,
754,A1XPZRA2XD4GNF,https://gamma-requester.mturk.com/workers/A1XPZRA2XD4GNF,1,1,100.00%,0,0,0.00%,0,0,0.00%,,,,,,,,,,,,,,,,,100,,,,,,,,,,,,,,,,,,,,,,Never Blocked,,
755,A1XT18HD14FKF3,https://gamma-requester.mturk.com/workers/A1XT18HD14FKF3,1,1,100.00%,0,0,0.00%,0,0,0.00%,,,,,,,,,,,,,,,1,,,,,,,,1,,,,,,,,,,,,,,,,Never Blocked,,
756,A1XU6PKM8YYGJ2,https://gamma-requester.mturk.com/workers/A1XU6PKM8YYGJ2,1,1,100.00%,0,0,0.00%,0,0,0.00%,1,,,,,,,,,,,,,,,,100,,,,,,,,0,,0,,,,,,1,,,,,,Never Blocked,,
757,A1XUZFDVKP95VC,https://gamma-requester.mturk.com/workers/A1XUZFDVKP95VC,1,1,100.00%,0,0,0.00%,0,0,0.00%,1,,,,,,,,,,,,,,,,100,,,,,,,,0,,0,,,,,,,,,,1,,Never Blocked,,
758,A1XVEKS9O73ERE,https://gamma-requester.mturk.com/workers/A1XVEKS9O73ERE,1,1,100.00%,0,0,0.00%,0,0,0.00%,1,,,,,,,,,,,,,,,,100,,,,,,,,0,,0,,,,,,,,,,1,,Never Blocked,,
759,A1XWBSRUGGNEA2,https://gamma-requester.mturk.com/workers/A1XWBSRUGGNEA2,1,1,100.00%,0,0,0.00%,0,0,0.00%,1,,,,,,,,,,,,,,,,100,,,,,,,,0,,0,,,,,,,,,,,,Never Blocked,,
760,A1XZD3ZCEAAMAW,https://gamma-requester.mturk.com/workers/A1XZD3ZCEAAMAW,1,1,100.00%,0,0,0.00%,0,0,0.00%,1,,,,,,,,,,,,,,,,100,,,,,,,,0,,0,,,,,,,,,,1,,Never Blocked,,
761,A1Y07DW8W2UXSD,https://gamma-requester.mturk.com/workers/A1Y07DW8W2UXSD,4,4,100.00%,0,0,0.00%,0,0,0.00%,,,,,,,1,,,,1,,,,,,1,,,,,,,,,,,,,,,,,,,,,,Never Blocked,,
762,A1Y2W25NF6T431,https://gamma-requester.mturk.com/workers/A1Y2W25NF6T431,1,1,100.00%,0,0,0.00%,0,0,0.00%,,,,,,,,,,,,,,,,,,,,,1,,,,,,,,,,,,,,1,,,,Never Blocked,,
763,A1Y3IPBBZQTWR2,https://gamma-requester.mturk.com/workers/A1Y3IPBBZQTWR2,1,1,100.00%,0,0,0.00%,0,0,0.00%,1,,,,,,,,,,,,,,,,100,,,,,,,,0,,0,,,,,,1,,,,,,Never Blocked,,
764,A1Y3JL53XAO7QV,https://gamma-requester.mturk.com/workers/A1Y3JL53XAO7QV,2,2,100.00%,1,1,100.00%,0,0,0.00%,,,,,,,,,,,,,1,,1,,,,,,,,,,,,,,,,,,,,,,,,Never Blocked,,
765,A1Y3WF3641GHGZ,https://gamma-requester.mturk.com/workers/A1Y3WF3641GHGZ,1,1,100.00%,0,0,0.00%,0,0,0.00%,,,,,,,,,,,,,,,,,100,,,,,,,,,,,,,,,,,,,,,,Never Blocked,,
766,A1Y6A06F81BCHR,https://gamma-requester.mturk.com/workers/A1Y6A06F81BCHR,2,2,100.00%,0,0,0.00%,0,0,0.00%,1,,,,,,,,,,,,,,,,100,,,,,,,,0,,0,,,,1,,1,,,,,,Never Blocked,,
767,A1Y6CQ2AJ882MO,https://gamma-requester.mturk.com/workers/A1Y6CQ2AJ882MO,1,1,100.00%,0,0,0.00%,0,0,0.00%,,,,,,,,,,,,,,,,,,,,,,,,,,,,,,,,,,,,,,,Never Blocked,,
768,A1Y6WIW85TZ7LO,https://gamma-requester.mturk.com/workers/A1Y6WIW85TZ7LO,1,0,0.00%,0,0,0.00%,0,0,0.00%,,,,,,,,,,,,,,,1,,,,,,,,,,,,,,,,,,,,,,,,Never Blocked,,
769,A1Y8FC2FCI0RZ5,https://gamma-requester.mturk.com/workers/A1Y8FC2FCI0RZ5,2,2,100.00%,0,0,0.00%,0,0,0.00%,,,,,,,,,,,,,,,1,,,,,,,,1,,,,,,,,,,,,,,,,Never Blocked,,
770,A1YALKEEJHHWSO,https://gamma-requester.mturk.com/workers/A1YALKEEJHHWSO,3,3,100.00%,0,0,0.00%,0,0,0.00%,,,,,,,,,,,,,,,1,,,,,,,,1,,,,,,,,,,,,,,,,Never Blocked,,
771,A1YBG1VIIO80DZ,https://gamma-requester.mturk.com/workers/A1YBG1VIIO80DZ,1,1,100.00%,0,0,0.00%,0,0,0.00%,1,,,,,,,,,,,,,,,,100,,,,,,,,0,,0,,,,,,1,,,,,,Never Blocked,,
772,A1YBZ8BR2UQFJG,https://gamma-requester.mturk.com/workers/A1YBZ8BR2UQFJG,1,1,100.00%,0,0,0.00%,0,0,0.00%,,,,,,,,,,,,,,,1,,,,,,,,,,,,,,,,,,,,,,,,Never Blocked,,
773,A1YC558J4E5KZ,https://gamma-requester.mturk.com/workers/A1YC558J4E5KZ,2,2,100.00%,0,0,0.00%,0,0,0.00%,,,,,,,1,,,,,,,,,,,,,,,,,,,,,,,,,,,,,,,,Never Blocked,,
774,A1YGV1J2URRQDG,https://gamma-requester.mturk.com/workers/A1YGV1J2URRQDG,1,1,100.00%,0,0,0.00%,0,0,0.00%,,,,,,,,,,,,,,,,,100,,,,,,,,,,,,,,,,,,,,,,Never Blocked,,
775,A1YHIQHLLLQIIQ,https://gamma-requester.mturk.com/workers/A1YHIQHLLLQIIQ,1,1,100.00%,0,0,0.00%,0,0,0.00%,1,,,,,,,,,,,,,,,,100,,,,,,,,0,,0,,,,,,,,,,1,,Never Blocked,,
776,A1YIDWVXRSUAZA,https://gamma-requester.mturk.com/workers/A1YIDWVXRSUAZA,2,2,100.00%,0,0,0.00%,0,0,0.00%,,,,,,,1,,,,,,,,,,,,,,,,,,,,,,,,,,,,1,,,,Never Blocked,,
777,A1YSYI926BBOHW,https://gamma-requester.mturk.com/workers/A1YSYI926BBOHW,1,1,100.00%,0,0,0.00%,0,0,0.00%,1,,,,,,,,,,,,,,,,100,,,,,,,,0,,0,,,,,,,,,,1,,Never Blocked,,
778,A1YT6E0W0SDP0R,https://gamma-requester.mturk.com/workers/A1YT6E0W0SDP0R,4,4,100.00%,0,0,0.00%,0,0,0.00%,1,,,,,,,,,,,,,,,,100,,,,,,,,0,,1,,1,,1,,1,,,,,,Never Blocked,,
779,A1YV7SCB1OHMUT,https://gamma-requester.mturk.com/workers/A1YV7SCB1OHMUT,2,2,100.00%,0,0,0.00%,0,0,0.00%,,,,,,,,,,,1,,,,,,1,,,,1,,,,,,,,,,,,,,1,,,,Never Blocked,,
780,A1YWKBTGMG496B,https://gamma-requester.mturk.com/workers/A1YWKBTGMG496B,1,1,100.00%,0,0,0.00%,0,0,0.00%,,,,,,,,,,,,,,,,,1,,,,,,,,,,,,,,,,,,,,,,Never Blocked,,
781,A1YXAFK3TGTJ0C,https://gamma-requester.mturk.com/workers/A1YXAFK3TGTJ0C,1,1,100.00%,0,0,0.00%,0,0,0.00%,1,,,,,,,,,,,,,,,,100,,,,,,,,0,,0,,,,,,,,,,,,Never Blocked,,
782,A1YXH2CG99VRCZ,https://gamma-requester.mturk.com/workers/A1YXH2CG99VRCZ,1,1,100.00%,0,0,0.00%,0,0,0.00%,1,,,,,,,,,,,,,,,,100,,,,,,,,0,,0,,,,,,,,,,1,,Never Blocked,,
783,A1YZ0ETOCJO1B2,https://gamma-requester.mturk.com/workers/A1YZ0ETOCJO1B2,3,3,100.00%,0,0,0.00%,0,0,0.00%,,,,,,,,,,,1,,,,1,,1,,,,,,1,,,,,,,,,,,,,,,,Never Blocked,,
784,A1Z2A5CGJSEOTN,https://gamma-requester.mturk.com/workers/A1Z2A5CGJSEOTN,4,4,100.00%,0,0,0.00%,0,0,0.00%,1,,,,,,,,,,,,,,,,100,,,,,,,,0,,0,,1,,1,,1,,,,,,Never Blocked,,
785,A1Z44MMI9OQNUA,https://gamma-requester.mturk.com/workers/A1Z44MMI9OQNUA,4,4,100.00%,0,0,0.00%,0,0,0.00%,1,,,,,,,,,,,,,,,,100,,,,,,,,0,,0,,1,,1,,1,,,,,,Never Blocked,,
786,A1Z494GD5FXO5L,https://gamma-requester.mturk.com/workers/A1Z494GD5FXO5L,1,1,100.00%,1,1,100.00%,0,0,0.00%,,,,,,,,,,,,,1,,,,,,,,,,,,,,,,,,,,,,,,,,Never Blocked,,
787,A1Z6SEA95MEBTN,https://gamma-requester.mturk.com/workers/A1Z6SEA95MEBTN,1,1,100.00%,0,0,0.00%,0,0,0.00%,,,,,,,,,,,,,,,,,1,,,,,,,,,,,,,,,,,,,,,,Never Blocked,,
788,A1Z8JSNPBUBCJX,https://gamma-requester.mturk.com/workers/A1Z8JSNPBUBCJX,1,1,100.00%,0,0,0.00%,0,0,0.00%,,,,,,,,,,,,,,,,,,,,,,,,,,,,,,,,,,,,,,,Never Blocked,,
789,A1Z8ORNLI75H8U,https://gamma-requester.mturk.com/workers/A1Z8ORNLI75H8U,1,1,100.00%,0,0,0.00%,0,0,0.00%,,,,,,,,,,,,,,,,,,,,,,,,,,,,,,,,,,,,,,,Never Blocked,,
790,A1ZA9BZNCOW720,https://gamma-requester.mturk.com/workers/A1ZA9BZNCOW720,1,1,100.00%,0,0,0.00%,0,0,0.00%,1,,,,,,,,,,,,,,,,100,,,,,,,,0,,0,,,,,,,,,,,,Never Blocked,,
791,A1ZAGA05V3SYTU,https://gamma-requester.mturk.com/workers/A1ZAGA05V3SYTU,1,1,100.00%,0,0,0.00%,0,0,0.00%,1,,,,,,,,,,,,,,,,100,,,,,,,,0,,0,,,,,,1,,,,,,Never Blocked,,
792,A1ZD542OANYKDY,https://gamma-requester.mturk.com/workers/A1ZD542OANYKDY,2,2,100.00%,1,1,100.00%,0,0,0.00%,,,,,,,,,,,,,1,,,,,,,,,,,,,,,,,,,,,,,,,,Never Blocked,,
793,A1ZDR2UN7M92LI,https://gamma-requester.mturk.com/workers/A1ZDR2UN7M92LI,1,1,100.00%,0,0,0.00%,0,0,0.00%,1,,,,,,,,,,,,,,,,100,,,,,,,,0,,0,,,,,,,,,,1,,Never Blocked,,
794,A1ZFTV403BYKYJ,https://gamma-requester.mturk.com/workers/A1ZFTV403BYKYJ,1,1,100.00%,0,0,0.00%,0,0,0.00%,,,,,,,,,,,,,,,,,100,,,,,,,,,,,,,,,,,,,,,,Never Blocked,,
795,A1ZFUHVIPQOVGK,https://gamma-requester.mturk.com/workers/A1ZFUHVIPQOVGK,3,3,100.00%,0,0,0.00%,0,0,0.00%,,,,,,,,,,,,,,1,1,,,,,,,,1,,,,,,,,,,,,,,,,Never Blocked,,
796,A1ZG2V2YO558WL,https://gamma-requester.mturk.com/workers/A1ZG2V2YO558WL,1,1,100.00%,0,0,0.00%,0,0,0.00%,1,,,,,,,,,,,,,,,,100,,,,,,,,0,,0,,,,,,1,,,,,,Never Blocked,,
797,A1ZH5VWU96MECI,https://gamma-requester.mturk.com/workers/A1ZH5VWU96MECI,3,3,100.00%,0,0,0.00%,0,0,0.00%,1,,,,,,,,,,,,,,,,100,,,,,,,,0,,0,,1,,1,,1,,,,,,Never Blocked,,
798,A1ZJ8W1AZSOYYL,https://gamma-requester.mturk.com/workers/A1ZJ8W1AZSOYYL,3,2,66.67%,0,0,0.00%,0,0,0.00%,,,,,,,,,,,1,,,,,,1,,,,,,,,,,,,,,,,,,,,,,Never Blocked,,
799,A1ZJSPZ816942Q,https://gamma-requester.mturk.com/workers/A1ZJSPZ816942Q,1,1,100.00%,1,1,100.00%,1,1,100.00%,,,,,,,,,,,,,1,,,,,,,,,,,,,,,,,,,,,,,,,,Never Blocked,,
800,A1ZSL5ZLN9DLAK,https://gamma-requester.mturk.com/workers/A1ZSL5ZLN9DLAK,3,3,100.00%,0,0,0.00%,0,0,0.00%,1,,,,,,,,,,,,,,,,100,,,,,,,,0,,0,,1,,1,,1,,,,,,Never Blocked,,
801,A1ZSLD5Y0P68JM,https://gamma-requester.mturk.com/workers/A1ZSLD5Y0P68JM,1,1,100.00%,0,0,0.00%,0,0,0.00%,1,,,,,,,,,,,,,,,,100,,,,,,,,0,,0,,,,,,,,,,1,,Never Blocked,,
802,A1ZVHIDKZD0S31,https://gamma-requester.mturk.com/workers/A1ZVHIDKZD0S31,1,0,0.00%,0,0,0.00%,0,0,0.00%,,,,,,,,,,,,,,,1,,,,,,,,,,,,,,,,,,,,,,,,Never Blocked,,
803,A1ZVTAK0GLO959,https://gamma-requester.mturk.com/workers/A1ZVTAK0GLO959,1,1,100.00%,0,0,0.00%,0,0,0.00%,1,,,,,,,,,,,,,,,,100,,,,,,,,0,,0,,,,,,,,,,1,,Never Blocked,,
804,A1ZXOJMKOXB2PP,https://gamma-requester.mturk.com/workers/A1ZXOJMKOXB2PP,1,1,100.00%,0,0,0.00%,0,0,0.00%,,,,,,,,,,,,,,,,,,,,,,,,,,,,,,,,,,,,,,,Never Blocked,,
805,A1ZYB2THUYD308,https://gamma-requester.mturk.com/workers/A1ZYB2THUYD308,1,1,100.00%,0,0,0.00%,0,0,0.00%,1,,,,,,,,,,,,,,,,100,,,,,,,,0,,0,,,,,,,,,,,,Never Blocked,,
806,A1ZZ57VEX5B2OR,https://gamma-requester.mturk.com/workers/A1ZZ57VEX5B2OR,1,1,100.00%,0,0,0.00%,0,0,0.00%,,,,,,,,,,,,,,,,,,,,,,,,,,,,,,,,,,,,,,,Never Blocked,,
807,A1ZZR8QEVL0A33,https://gamma-requester.mturk.com/workers/A1ZZR8QEVL0A33,0,0,0.00%,0,0,0.00%,0,0,0.00%,,,,,,,,,,,,,,1,,,,,,,,,,,,,,,,,,,,,,,,,Never Blocked,,
808,A200VSZL1H5SAB,https://gamma-requester.mturk.com/workers/A200VSZL1H5SAB,2,2,100.00%,0,0,0.00%,0,0,0.00%,1,,,,,,,,,,,,,,,,100,,,,,,,,0,,0,,,,1,,1,,,,,,Never Blocked,,
809,A202R2H0PSEDHI,https://gamma-requester.mturk.com/workers/A202R2H0PSEDHI,1,1,100.00%,0,0,0.00%,0,0,0.00%,1,,,,,,,,,,,,,,,,100,,,,,,,,0,,0,,,,,,,,,,,,Never Blocked,,
810,A2060KFHKUKFOO,https://gamma-requester.mturk.com/workers/A2060KFHKUKFOO,1,1,100.00%,0,0,0.00%,0,0,0.00%,,,,,,,,,,,,,,,,,,,,,,,,,,,,,,,,,,,,,,,Never Blocked,,
811,A206WLS4KMBH86,https://gamma-requester.mturk.com/workers/A206WLS4KMBH86,1,1,100.00%,0,0,0.00%,0,0,0.00%,,,,,,,,,,,,,,,,,,,,,1,,,,,,,,,,,,,,,,,,Never Blocked,,
812,A2078XQX9ZSWBC,https://gamma-requester.mturk.com/workers/A2078XQX9ZSWBC,1,1,100.00%,0,0,0.00%,0,0,0.00%,1,,,,,,,,,,,,,,,,100,,,,,,,,0,,0,,,,,,1,,,,,,Never Blocked,,
813,A207MWA5U0GWA5,https://gamma-requester.mturk.com/workers/A207MWA5U0GWA5,1,1,100.00%,0,0,0.00%,0,0,0.00%,1,,,,,,,,,,,,,,,,100,,,,,,,,0,,0,,,,,,,,,,,,Never Blocked,,
814,A208AK4JNI6PZ0,https://gamma-requester.mturk.com/workers/A208AK4JNI6PZ0,1,1,100.00%,0,0,0.00%,0,0,0.00%,,,,,,,,,,,,,,,,,,,,,,,,,,,,,,,,,,,1,,,,Never Blocked,,
815,A208F2PSMBFG0R,https://gamma-requester.mturk.com/workers/A208F2PSMBFG0R,1,1,100.00%,0,0,0.00%,0,0,0.00%,,,,,,,,,,,,,,,,,100,,,,,,,,,,,,,,,,,,,,,,Never Blocked,,
816,A2090SRVQLWA3F,https://gamma-requester.mturk.com/workers/A2090SRVQLWA3F,1,1,100.00%,0,0,0.00%,0,0,0.00%,1,,,,,,,,,,,,,,,,100,,,,,,,,0,,0,,,,,,,,,,1,,Never Blocked,,
817,A209V2VHLLQ59W,https://gamma-requester.mturk.com/workers/A209V2VHLLQ59W,1,1,100.00%,0,0,0.00%,0,0,0.00%,,,,,,,,,,,,,,,,,,,,,,,,,,,,,,,,,,,1,,,,Never Blocked,,
818,A20AELGNWZN6CP,https://gamma-requester.mturk.com/workers/A20AELGNWZN6CP,4,4,100.00%,0,0,0.00%,0,0,0.00%,1,,,,,,,,,,,,,,,,100,,,,,,,,0,,1,,1,,1,,1,,,,,,Never Blocked,,
819,A20BNAQO1XQDRG,https://gamma-requester.mturk.com/workers/A20BNAQO1XQDRG,1,1,100.00%,1,1,100.00%,0,0,0.00%,,,,,,,,,,,,,1,,,,,,,,,,,,,,,,,,,,,,,,,,Never Blocked,,
820,A20DJRAE8TZUH5,https://gamma-requester.mturk.com/workers/A20DJRAE8TZUH5,1,1,100.00%,0,0,0.00%,0,0,0.00%,1,,,,,,,,,,,,,,,,100,,,,,,,,0,,0,,,,,,1,,,,,,Never Blocked,,
821,A20DQH72A8NZKU,https://gamma-requester.mturk.com/workers/A20DQH72A8NZKU,1,1,100.00%,0,0,0.00%,0,0,0.00%,1,,,,,,,,,,,,,,,,100,,,,,,,,0,,0,,,,,,,,,,,,Never Blocked,,
822,A20IA63WXHF683,https://gamma-requester.mturk.com/workers/A20IA63WXHF683,1,1,100.00%,0,0,0.00%,0,0,0.00%,1,,,,,,,,,,,,,,,,100,,,,,,,,0,,0,,,,,,1,,,,,,Never Blocked,,
823,A20MYWBX8CKFB6,https://gamma-requester.mturk.com/workers/A20MYWBX8CKFB6,1,1,100.00%,0,0,0.00%,0,0,0.00%,1,,,,,,,,,,,,,,,,100,,,,,,,,0,,0,,,,,,,,,,,,Never Blocked,,
824,A20NLJPYP65LNU,https://gamma-requester.mturk.com/workers/A20NLJPYP65LNU,1,1,100.00%,0,0,0.00%,0,0,0.00%,1,,,,,,,,,,,,,,,,100,,,,,,,,0,,0,,,,,,,,,,,,Never Blocked,,
825,A20OEK6BVW13NV,https://gamma-requester.mturk.com/workers/A20OEK6BVW13NV,3,3,100.00%,0,0,0.00%,0,0,0.00%,,,,,,,,,,,1,,,,,,1,,,,,,,,,,,,,,,,,,,,,,Never Blocked,,
826,A20WECK0YBMQAO,https://gamma-requester.mturk.com/workers/A20WECK0YBMQAO,1,1,100.00%,0,0,0.00%,0,0,0.00%,1,,,,,,,,,,,,,,,,100,,,,,,,,0,,0,,,,,,1,,,,,,Never Blocked,,
827,A20WI3VW3CBOWN,https://gamma-requester.mturk.com/workers/A20WI3VW3CBOWN,1,1,100.00%,0,0,0.00%,0,0,0.00%,1,,,,,,,,,,,,,,,,100,,,,,,,,0,,0,,,,,,,,,,1,,Never Blocked,,
828,A20X2RI07ZWW31,https://gamma-requester.mturk.com/workers/A20X2RI07ZWW31,1,1,100.00%,0,0,0.00%,0,0,0.00%,1,,,,,,,,,,,,,,,,100,,,,,,,,0,,0,,,,,,1,,,,,,Never Blocked,,
829,A20ZFQ93DF0WA,https://gamma-requester.mturk.com/workers/A20ZFQ93DF0WA,2,2,100.00%,0,0,0.00%,0,0,0.00%,,,,,,,,,,,,,,,1,,,,,,,,1,,,,,,,,,,,,,,,,Never Blocked,,
830,A20ZOAYRMRR2RA,https://gamma-requester.mturk.com/workers/A20ZOAYRMRR2RA,1,1,100.00%,0,0,0.00%,0,0,0.00%,1,,,,,,,,,,,,,,,,100,,,,,,,,0,,0,,,,,,,,,,1,,Never Blocked,,
831,A210JGTRF11SFM,https://gamma-requester.mturk.com/workers/A210JGTRF11SFM,1,1,100.00%,0,0,0.00%,0,0,0.00%,,,,,,,,,,,,,,,1,,,,,,,,1,,,,,,,,,,,,,,,,Never Blocked,,
832,A212OY08MFDGU3,https://gamma-requester.mturk.com/workers/A212OY08MFDGU3,1,1,100.00%,0,0,0.00%,0,0,0.00%,1,,,,,,,,,,,,,,,,100,,,,,,,,0,,0,,,,,,,,,,,,Never Blocked,,
833,A2139UU4K1MMQ0,https://gamma-requester.mturk.com/workers/A2139UU4K1MMQ0,1,1,100.00%,0,0,0.00%,0,0,0.00%,1,,,,,,,,,,,,,,,,100,,,,,,,,0,,0,,,,,,,,,,1,,Never Blocked,,
834,A2196WCNDZULFS,https://gamma-requester.mturk.com/workers/A2196WCNDZULFS,1,1,100.00%,0,0,0.00%,0,0,0.00%,1,,,,,,,,,,,,,,,,100,,,,,,,,0,,0,,,,,,,,,,,,Never Blocked,,
835,A2196XRMH86BQA,https://gamma-requester.mturk.com/workers/A2196XRMH86BQA,1,1,100.00%,0,0,0.00%,0,0,0.00%,1,,,,,,,,,,,,,,,,100,,,,,,,,0,,0,,,,,,1,,,,,,Never Blocked,,
836,A21EJSJXXCQXQ9,https://gamma-requester.mturk.com/workers/A21EJSJXXCQXQ9,1,1,100.00%,0,0,0.00%,0,0,0.00%,,,,,,,,,,,,,,,,,,,,,,,,,,,,,,,,,,,,,,,Never Blocked,,
837,A21EZISIJ3JPSW,https://gamma-requester.mturk.com/workers/A21EZISIJ3JPSW,1,1,100.00%,0,0,0.00%,0,0,0.00%,1,,,,,,,,,,,,,,,,100,,,,,,,,0,,0,,,,,,1,,,,,,Never Blocked,,
838,A21IF9LVT985AU,https://gamma-requester.mturk.com/workers/A21IF9LVT985AU,1,1,100.00%,0,0,0.00%,0,0,0.00%,1,,,,,,,,,,,,,,,,100,,,,,,,,0,,0,,,,,,,,,,1,,Never Blocked,,
839,A21IUQEKZ6JF8O,https://gamma-requester.mturk.com/workers/A21IUQEKZ6JF8O,1,1,100.00%,0,0,0.00%,0,0,0.00%,1,,,,,,,,,,,,,,,,100,,,,,,,,0,,0,,,,,,,,,,,,Never Blocked,,
840,A21J3DWTL9VD5Q,https://gamma-requester.mturk.com/workers/A21J3DWTL9VD5Q,1,1,100.00%,0,0,0.00%,0,0,0.00%,1,,,,,,,,,,,,,,,,100,,,,,,,,0,,0,,,,,,,,,,,,Never Blocked,,
841,A21K9CBYHO6RB3,https://gamma-requester.mturk.com/workers/A21K9CBYHO6RB3,1,1,100.00%,0,0,0.00%,0,0,0.00%,1,,,,,,,,,,,,,,,,100,,,,,,,,0,,0,,,,,,,,,,1,,Never Blocked,,
842,A21MH2I40MBBHR,https://gamma-requester.mturk.com/workers/A21MH2I40MBBHR,1,1,100.00%,0,0,0.00%,0,0,0.00%,1,,,,,,,,,,,,,,,,100,,,,,,,,0,,0,,,,,,,,,,,,Never Blocked,,
843,A21PLO0C2YB44U,https://gamma-requester.mturk.com/workers/A21PLO0C2YB44U,1,0,0.00%,0,0,0.00%,0,0,0.00%,1,,,,,,,,,,,,,,,,100,,,,,,,,0,,0,,,,,,,,,,1,,Never Blocked,,
844,A21RDS4P3R4GXH,https://gamma-requester.mturk.com/workers/A21RDS4P3R4GXH,1,1,100.00%,0,0,0.00%,0,0,0.00%,1,,,,,,,,,,,,,,,,100,,,,,,,,0,,0,,,,,,1,,,,,,Never Blocked,,
845,A21TRYCBFCGZ3Y,https://gamma-requester.mturk.com/workers/A21TRYCBFCGZ3Y,1,1,100.00%,0,0,0.00%,0,0,0.00%,,,,,,,,,,,,,,,,,1,,,,,,,,,,,,,,,,,,,,,,Never Blocked,,
846,A21UA6O7ZFAIQJ,https://gamma-requester.mturk.com/workers/A21UA6O7ZFAIQJ,3,3,100.00%,0,0,0.00%,0,0,0.00%,,,,,,,1,,,,,,,,,,1,,,,,,,,,,,,,,,,,,1,,,,Never Blocked,,
847,A21VSWO39YO5KM,https://gamma-requester.mturk.com/workers/A21VSWO39YO5KM,5,5,100.00%,0,0,0.00%,0,0,0.00%,1,,,,,,,,,,,,,,,,100,,,,,,,,1,,1,,1,,1,,1,,,,,,Never Blocked,,
848,A21Y914K1PRCS1,https://gamma-requester.mturk.com/workers/A21Y914K1PRCS1,1,1,100.00%,0,0,0.00%,0,0,0.00%,,,,,,,,,,,,,,,1,,,,,,,,1,,,,,,,,,,,,,,,,Never Blocked,,
849,A21YNTPZSVT4QX,https://gamma-requester.mturk.com/workers/A21YNTPZSVT4QX,5,5,100.00%,0,0,0.00%,0,0,0.00%,,,,,,,,,,,1,,,,,,1,,,,1,,,,,,,,,,,,,,,,,,Never Blocked,,
850,A21ZYNSQ79M6YG,https://gamma-requester.mturk.com/workers/A21ZYNSQ79M6YG,1,1,100.00%,0,0,0.00%,0,0,0.00%,1,,,,,,,,,,,,,,,,100,,,,,,,,0,,0,,,,,,,,,,,,Never Blocked,,
851,A221GTWAYGYPCG,https://gamma-requester.mturk.com/workers/A221GTWAYGYPCG,1,1,100.00%,0,0,0.00%,0,0,0.00%,1,,,,,,,,,,,,,,,,100,,,,,,,,0,,0,,,,,,,,,,,,Never Blocked,,
852,A221J0YB28SBLI,https://gamma-requester.mturk.com/workers/A221J0YB28SBLI,1,1,100.00%,0,0,0.00%,0,0,0.00%,1,,,,,,,,,,,,,,,,100,,,,,,,,0,,0,,,,,,1,,,,,,Never Blocked,,
853,A222GZB608T1B8,https://gamma-requester.mturk.com/workers/A222GZB608T1B8,2,2,100.00%,0,0,0.00%,0,0,0.00%,,,,,,,,,,,,,,,1,,100,,,,,,1,,,,,,,,,,,,,,,,Never Blocked,,
854,A223SWQCS1ME7Z,https://gamma-requester.mturk.com/workers/A223SWQCS1ME7Z,1,1,100.00%,0,0,0.00%,0,0,0.00%,,,,,,,,,,,,,,,1,,,,,,,,,,,,,,,,,,,,,,,,Never Blocked,,
855,A2243MRVES76QA,https://gamma-requester.mturk.com/workers/A2243MRVES76QA,1,1,100.00%,0,0,0.00%,0,0,0.00%,1,,,,,,,,,,,,,,,,100,,,,,,,,0,,0,,,,,,,,,,,,Never Blocked,,
856,A224EAEEF6Q17H,https://gamma-requester.mturk.com/workers/A224EAEEF6Q17H,1,1,100.00%,0,0,0.00%,0,0,0.00%,1,,,,,,,,,,,,,,,,100,,,,,,,,0,,0,,,,,,,,,,,,Never Blocked,,
857,A225BMTMXUR5F4,https://gamma-requester.mturk.com/workers/A225BMTMXUR5F4,3,3,100.00%,0,0,0.00%,0,0,0.00%,1,,,,,,,,,,,,,,,,100,,,,,,,,0,,0,,1,,1,,1,,,,,,Never Blocked,,
858,A2287HLNN9EZ56,https://gamma-requester.mturk.com/workers/A2287HLNN9EZ56,1,1,100.00%,0,0,0.00%,0,0,0.00%,1,,,,,,,,,,,,,,,,100,,,,,,,,0,,0,,,,,,,,,,1,,Never Blocked,,
859,A22A8HV5E06VQZ,https://gamma-requester.mturk.com/workers/A22A8HV5E06VQZ,1,1,100.00%,0,0,0.00%,0,0,0.00%,1,,,,,,,,,,,,,,,,100,,,,,,,,0,,0,,,,,,,,,,1,,Never Blocked,,
860,A22BHAGI31AYR3,https://gamma-requester.mturk.com/workers/A22BHAGI31AYR3,1,1,100.00%,0,0,0.00%,0,0,0.00%,1,,,,,,,,,,,,,,,,100,,,,,,,,0,,0,,,,,,,,,,,,Never Blocked,,
861,A22DF0EWILGRLV,https://gamma-requester.mturk.com/workers/A22DF0EWILGRLV,1,1,100.00%,0,0,0.00%,0,0,0.00%,1,,,,,,,,,,,,,,,,100,,,,,,,,0,,0,,,,,,,,,,,,Never Blocked,,
862,A22HIX1M4QXZBB,https://gamma-requester.mturk.com/workers/A22HIX1M4QXZBB,2,1,50.00%,0,0,0.00%,0,0,0.00%,,,,,,,,,,,,,,,,,1,,,,1,,,,,,,,,,,,,,1,,,,Never Blocked,,
863,A22J4L7PRXQWD5,https://gamma-requester.mturk.com/workers/A22J4L7PRXQWD5,3,3,100.00%,0,0,0.00%,0,0,0.00%,,,,,,,,,,,,,,,1,,,,,,,,1,,,,,,,,,,,,,,,,Never Blocked,,
864,A22KRF782ELLB0,https://gamma-requester.mturk.com/workers/A22KRF782ELLB0,1,1,100.00%,0,0,0.00%,0,0,0.00%,1,,,,,,,,,,,,,,,,100,,,,,,,,0,,0,,,,,,,,,,,,Never Blocked,,
865,A22LLU5METQ7CL,https://gamma-requester.mturk.com/workers/A22LLU5METQ7CL,1,1,100.00%,0,0,0.00%,0,0,0.00%,,,,,,,,,,,,,,,1,,,,,,,,1,,,,,,,,,,,,,,,,Never Blocked,,
866,A22NJQROIXNV2G,https://gamma-requester.mturk.com/workers/A22NJQROIXNV2G,1,1,100.00%,0,0,0.00%,0,0,0.00%,1,,,,,,,,,,,,,,,,100,,,,,,,,0,,0,,,,,,,,,,1,,Never Blocked,,
867,A22PJ0TUDOYK7I,https://gamma-requester.mturk.com/workers/A22PJ0TUDOYK7I,1,1,100.00%,0,0,0.00%,0,0,0.00%,,,,,,,,,,,,,,,,,,,,,,,,,,,,,,,,,,,,,,,Never Blocked,,
868,A22PT6K5XNIFLA,https://gamma-requester.mturk.com/workers/A22PT6K5XNIFLA,1,1,100.00%,0,0,0.00%,0,0,0.00%,,,,,,,,,,,,,,,,,100,,,,,,,,,,,,,,,,,,,,,,Never Blocked,,
869,A22T69YW4WUANF,https://gamma-requester.mturk.com/workers/A22T69YW4WUANF,1,1,100.00%,0,0,0.00%,0,0,0.00%,1,,,,,,,,,,,,,,,,100,,,,,,,,0,,0,,,,,,,,,,1,,Never Blocked,,
870,A22U72IVX6D0PC,https://gamma-requester.mturk.com/workers/A22U72IVX6D0PC,1,1,100.00%,0,0,0.00%,0,0,0.00%,,,,,,,,,,,,,,,,,,,,,,,,,,,,,,,,,,,,,,,Never Blocked,,
871,A22VGT2F28LTWC,https://gamma-requester.mturk.com/workers/A22VGT2F28LTWC,1,1,100.00%,0,0,0.00%,0,0,0.00%,1,,,,,,,,,,,,,,,,100,,,,,,,,0,,0,,,,,,,,,,1,,Never Blocked,,
872,A22WWSTT8TU7G1,https://gamma-requester.mturk.com/workers/A22WWSTT8TU7G1,3,3,100.00%,0,0,0.00%,0,0,0.00%,1,,,,,,,,,,,,,,,,100,,,,,,,,0,,0,,1,,1,,1,,,,,,Never Blocked,,
873,A22Z1FU75SRS0C,https://gamma-requester.mturk.com/workers/A22Z1FU75SRS0C,1,1,100.00%,0,0,0.00%,0,0,0.00%,1,,,,,,,,,,,,,,,,100,,,,,,,,0,,0,,,,,,,,,,1,,Never Blocked,,
874,A22ZYDQ7VRH6EL,https://gamma-requester.mturk.com/workers/A22ZYDQ7VRH6EL,1,1,100.00%,0,0,0.00%,0,0,0.00%,1,,,,,,,,,,,,,,,,100,,,,,,,,0,,0,,,,,,1,,,,,,Never Blocked,,
875,A231KDND93GAVX,https://gamma-requester.mturk.com/workers/A231KDND93GAVX,1,1,100.00%,0,0,0.00%,0,0,0.00%,1,,,,,,,,,,,,,,,,100,,,,,,,,0,,0,,,,,,,,,,1,,Never Blocked,,
876,A232OZHXKY0YNG,https://gamma-requester.mturk.com/workers/A232OZHXKY0YNG,1,1,100.00%,0,0,0.00%,0,0,0.00%,1,,,,,,,,,,,,,,,,100,,,,,,,,0,,0,,,,,,,,,,,,Never Blocked,,
877,A235DXY5FJN0IW,https://gamma-requester.mturk.com/workers/A235DXY5FJN0IW,1,1,100.00%,0,0,0.00%,0,0,0.00%,1,,,,,,,,,,,,,,,,100,,,,,,,,0,,0,,,,,,,,,,1,,Never Blocked,,
878,A236Q44JMSRFVF,https://gamma-requester.mturk.com/workers/A236Q44JMSRFVF,1,1,100.00%,0,0,0.00%,0,0,0.00%,1,,,,,,,,,,,,,,,,100,,,,,,,,0,,0,,,,,,,,,,1,,Never Blocked,,
879,A237PUN7791D62,https://gamma-requester.mturk.com/workers/A237PUN7791D62,4,4,100.00%,0,0,0.00%,0,0,0.00%,,,,,,,,,,,1,,,,1,,1,,,,,,1,,,,,,,,,,,,,,,,Never Blocked,,
880,A23961QFT0MMHP,https://gamma-requester.mturk.com/workers/A23961QFT0MMHP,1,1,100.00%,0,0,0.00%,0,0,0.00%,1,,,,,,,,,,,,,,,,100,,,,,,,,0,,0,,,,,,1,,,,,,Never Blocked,,
881,A239GSKF28AAC2,https://gamma-requester.mturk.com/workers/A239GSKF28AAC2,1,1,100.00%,0,0,0.00%,0,0,0.00%,1,,,,,,,,,,,,,,,,100,,,,,,,,0,,0,,,,,,,,,,1,,Never Blocked,,
882,A23BWWRR7J5XLS,https://gamma-requester.mturk.com/workers/A23BWWRR7J5XLS,1,1,100.00%,0,0,0.00%,0,0,0.00%,1,,,,,,,,,,,,,,,,100,,,,,,,,0,,0,,,,,,,,,,1,,Never Blocked,,
883,A23DLELKE6EJJG,https://gamma-requester.mturk.com/workers/A23DLELKE6EJJG,1,1,100.00%,0,0,0.00%,0,0,0.00%,1,,,,,,,,,,,,,,,,100,,,,,,,,0,,0,,,,,,,,,,,,Never Blocked,,
884,A23EWFNNOUS10B,https://gamma-requester.mturk.com/workers/A23EWFNNOUS10B,2,2,100.00%,0,0,0.00%,0,0,0.00%,1,,,,,,,,,,,,,,,,100,,,,,,,,0,,0,,,,,,,,,,,,Never Blocked,,
885,A23F9CJPPS4UIY,https://gamma-requester.mturk.com/workers/A23F9CJPPS4UIY,1,1,100.00%,0,0,0.00%,0,0,0.00%,,,,,,,,,,,,,,,1,,,,,,,,,,,,,,,,,,,,,,,,Never Blocked,,
886,A23J0G72AUTS1I,https://gamma-requester.mturk.com/workers/A23J0G72AUTS1I,1,1,100.00%,0,0,0.00%,0,0,0.00%,,,,,,,,,,,,,,,1,,,,,,,,,,,,,,,,,,,,,,,,Never Blocked,,
887,A23KAJRDVCVGOE,https://gamma-requester.mturk.com/workers/A23KAJRDVCVGOE,3,3,100.00%,0,0,0.00%,0,0,0.00%,,,,,,,,,,,,,,,,,,,,,1,,,,,,,,,,,,,,,,,,Never Blocked,,
888,A23KIQSSDCOGIW,https://gamma-requester.mturk.com/workers/A23KIQSSDCOGIW,1,1,100.00%,0,0,0.00%,0,0,0.00%,1,,,,,,,,,,,,,,,,100,,,,,,,,0,,0,,,,,,,,,,1,,Never Blocked,,
889,A23MOF1WG1Z6KB,https://gamma-requester.mturk.com/workers/A23MOF1WG1Z6KB,5,5,100.00%,0,0,0.00%,0,0,0.00%,1,,,,,,,,,,,,,,,,100,,,,,,,,1,,1,,1,,1,,1,,,,,,Never Blocked,,
890,A23PSX2ZO4F65Q,https://gamma-requester.mturk.com/workers/A23PSX2ZO4F65Q,1,1,100.00%,0,0,0.00%,0,0,0.00%,1,,,,,,,,,,,,,,,,100,,,,,,,,0,,0,,,,,,,,,,1,,Never Blocked,,
891,A23QGOTPMYBAXK,https://gamma-requester.mturk.com/workers/A23QGOTPMYBAXK,1,1,100.00%,0,0,0.00%,0,0,0.00%,,,,,,,,,,,,,,,1,,,,,,,,,,,,,,,,,,,,,,,,Never Blocked,,
892,A23R1XDY6N3XK2,https://gamma-requester.mturk.com/workers/A23R1XDY6N3XK2,1,1,100.00%,0,0,0.00%,0,0,0.00%,,,,,,,,,,,,,,,,,1,,,,,,,,,,,,,,,,,,,,,,Never Blocked,,
893,A23V5JSWJ01PQK,https://gamma-requester.mturk.com/workers/A23V5JSWJ01PQK,1,1,100.00%,0,0,0.00%,0,0,0.00%,1,,,,,,,,,,,,,,,,100,,,,,,,,0,,0,,,,,,,,,,1,,Never Blocked,,
894,A23VWLX98JNB0Z,https://gamma-requester.mturk.com/workers/A23VWLX98JNB0Z,1,1,100.00%,0,0,0.00%,0,0,0.00%,1,,,,,,,,,,,,,,,,100,,,,,,,,0,,0,,,,,,,,,,,,Never Blocked,,
895,A23YA7CE7IYZS0,https://gamma-requester.mturk.com/workers/A23YA7CE7IYZS0,1,1,100.00%,0,0,0.00%,0,0,0.00%,,,,,,,,,,,1,,,,,,1,,,,,,,,,,,,,,,,,,,,,,Never Blocked,,
896,A2400K1ZSJUKAO,https://gamma-requester.mturk.com/workers/A2400K1ZSJUKAO,1,1,100.00%,0,0,0.00%,0,0,0.00%,1,,,,,,,,,,,,,,,,100,,,,,,,,0,,0,,,,,,1,,,,,,Never Blocked,,
897,A240OTT1T85UGT,https://gamma-requester.mturk.com/workers/A240OTT1T85UGT,1,1,100.00%,0,0,0.00%,0,0,0.00%,1,,,,,,,,,,,,,,,,100,,,,,,,,0,,0,,,,,,,,,,,,Never Blocked,,
898,A241UZ5RXUFV7X,https://gamma-requester.mturk.com/workers/A241UZ5RXUFV7X,1,1,100.00%,1,1,100.00%,0,0,0.00%,,,,,,,,,,,,,1,,,,,,,,,,,,,,,,,,,,,,,,,,Never Blocked,,
899,A244IQQR0CTZ3I,https://gamma-requester.mturk.com/workers/A244IQQR0CTZ3I,4,4,100.00%,0,0,0.00%,0,0,0.00%,1,,,,,,,,,,,,,,,,100,,,,,,,,0,,1,,1,,1,,1,,,,,,Never Blocked,,
900,A245B3Q3BILZCL,https://gamma-requester.mturk.com/workers/A245B3Q3BILZCL,1,1,100.00%,1,1,100.00%,0,0,0.00%,,,,,,,,,,,,,1,,,,,,,,,,,,,,,,,,,,,,,,,,Never Blocked,,
901,A245VZU2AJ0H9D,https://gamma-requester.mturk.com/workers/A245VZU2AJ0H9D,2,2,100.00%,0,0,0.00%,0,0,0.00%,1,,,,,,,,,,,,,,,,100,,,,,,,,0,,0,,,,1,,1,,,,,,Never Blocked,,
902,A246HX5PKVY1MO,https://gamma-requester.mturk.com/workers/A246HX5PKVY1MO,1,1,100.00%,0,0,0.00%,0,0,0.00%,1,,,,,,,,,,,,,,,,100,,,,,,,,0,,0,,,,,,,,,,,,Never Blocked,,
903,A246I35NUEIFYE,https://gamma-requester.mturk.com/workers/A246I35NUEIFYE,5,5,100.00%,0,0,0.00%,0,0,0.00%,1,,,,,,,,,,,,,,,,100,,,,,,,,1,,1,,1,,1,,1,,,,,,Never Blocked,,
904,A248LF7KKHXZ14,https://gamma-requester.mturk.com/workers/A248LF7KKHXZ14,1,1,100.00%,0,0,0.00%,0,0,0.00%,1,,,,,,,,,,,,,,,,100,,,,,,,,0,,0,,,,,,,,,,1,,Never Blocked,,
905,A248QG4DPULP46,https://gamma-requester.mturk.com/workers/A248QG4DPULP46,3,2,66.67%,0,0,0.00%,0,0,0.00%,,,,,,,,,,,,,,,,,1,,,,1,,,,,,,,,,,,,,1,,,,Never Blocked,,
906,A248XX9O9V58EK,https://gamma-requester.mturk.com/workers/A248XX9O9V58EK,1,1,100.00%,0,0,0.00%,0,0,0.00%,1,,,,,,,,,,,,,,,,100,,,,,,,,0,,0,,,,,,,,,,1,,Never Blocked,,
907,A249EWKM1EOARK,https://gamma-requester.mturk.com/workers/A249EWKM1EOARK,1,1,100.00%,0,0,0.00%,0,0,0.00%,1,,,,,,,,,,,,,,,,100,,,,,,,,0,,0,,,,,,,,,,1,,Never Blocked,,
908,A249ZABI42JTSS,https://gamma-requester.mturk.com/workers/A249ZABI42JTSS,2,2,100.00%,0,0,0.00%,0,0,0.00%,,,,,,,1,,,,,,,,,,,,,,,,,,,,,,,,,,,,,,,,Never Blocked,,
909,A24AWGSJ6PNF6K,https://gamma-requester.mturk.com/workers/A24AWGSJ6PNF6K,1,1,100.00%,0,0,0.00%,0,0,0.00%,,,,,,,,,,,,,,,,,,,,,,,,,,,,,,,,,,,,,,,Never Blocked,,
910,A24B5UF6RMHYGX,https://gamma-requester.mturk.com/workers/A24B5UF6RMHYGX,1,1,100.00%,0,0,0.00%,0,0,0.00%,,,,,,,,,,,1,,,,,,1,,,,,,,,,,,,,,,,,,,,,,Never Blocked,,
911,A24F08A7411TVV,https://gamma-requester.mturk.com/workers/A24F08A7411TVV,1,1,100.00%,0,0,0.00%,0,0,0.00%,1,,,,,,,,,,,,,,,,100,,,,,,,,0,,0,,,,,,1,,,,,,Never Blocked,,
912,A24GX1OZE6AY04,https://gamma-requester.mturk.com/workers/A24GX1OZE6AY04,2,2,100.00%,0,0,0.00%,0,0,0.00%,,,,,,,,,,,1,,,,,,1,,,,,,,,,,,,,,,,,,,,,,Never Blocked,,
913,A24HMYWOPF7COD,https://gamma-requester.mturk.com/workers/A24HMYWOPF7COD,1,1,100.00%,0,0,0.00%,0,0,0.00%,1,,,,,,,,,,,,,,,,100,,,,,,,,0,,0,,,,,,1,,,,,,Never Blocked,,
914,A24LB89P1BPKKF,https://gamma-requester.mturk.com/workers/A24LB89P1BPKKF,1,1,100.00%,0,0,0.00%,0,0,0.00%,1,,,,,,,,,,,,,,,,100,,,,,,,,0,,0,,,,,,,,,,1,,Never Blocked,,
915,A24LUXW1DB1QI5,https://gamma-requester.mturk.com/workers/A24LUXW1DB1QI5,1,1,100.00%,0,0,0.00%,0,0,0.00%,1,,,,,,,,,,,,,,,,100,,,,,,,,0,,0,,,,,,,,,,,,Never Blocked,,
916,A24MNMHSFYW6B,https://gamma-requester.mturk.com/workers/A24MNMHSFYW6B,1,1,100.00%,1,1,100.00%,1,1,100.00%,,,,,,,,,,,,,1,1,,,,,,,,,,,,,,,,,,,,,,,,,Never Blocked,,
917,A24PTBOBOPCO6J,https://gamma-requester.mturk.com/workers/A24PTBOBOPCO6J,4,4,100.00%,0,0,0.00%,0,0,0.00%,1,,,,,,,,,,,,,,,,100,,,,,,,,0,,0,,1,,1,,1,,,,,,Never Blocked,,
918,A24T86THKKGAMM,https://gamma-requester.mturk.com/workers/A24T86THKKGAMM,1,1,100.00%,1,1,100.00%,0,0,0.00%,,,,,,,,,,,,,1,,,,,,,,,,,,,,,,,,,,,,,,,,Never Blocked,,
919,A24TQ5DGWOQ9OF,https://gamma-requester.mturk.com/workers/A24TQ5DGWOQ9OF,1,1,100.00%,0,0,0.00%,0,0,0.00%,1,,,,,,,,,,,,,,,,100,,,,,,,,0,,0,,,,,,,,,,,,Never Blocked,,
920,A24VPNS74FT3EH,https://gamma-requester.mturk.com/workers/A24VPNS74FT3EH,1,1,100.00%,0,0,0.00%,0,0,0.00%,1,,,,,,,,,,,,,,,,100,,,,,,,,0,,0,,,,,,,,,,1,,Never Blocked,,
921,A24XBVRMI8OR2E,https://gamma-requester.mturk.com/workers/A24XBVRMI8OR2E,2,2,100.00%,0,0,0.00%,0,0,0.00%,,,,,,,,,,,,,,,1,,,,,,,,1,,,,,,,,,,,,,,,,Never Blocked,,
922,A24Z8CDAZBCV3S,https://gamma-requester.mturk.com/workers/A24Z8CDAZBCV3S,3,3,100.00%,0,0,0.00%,0,0,0.00%,,,,,,,,,,,,,,,1,,,,,,,,1,,,,,,,,,,,,,,,,Never Blocked,,
923,A250FES5PFCGK9,https://gamma-requester.mturk.com/workers/A250FES5PFCGK9,1,1,100.00%,0,0,0.00%,0,0,0.00%,1,,,,,,,,,,,,,,,,100,,,,,,,,0,,0,,,,,,,,,,1,,Never Blocked,,
924,A251N8FMMMA2CC,https://gamma-requester.mturk.com/workers/A251N8FMMMA2CC,4,4,100.00%,0,0,0.00%,0,0,0.00%,1,,,,,,,,,,,,,,,,100,,,,,,,,0,,0,,1,,1,,1,,,,,,Never Blocked,,
925,A252ER3CLCEMG0,https://gamma-requester.mturk.com/workers/A252ER3CLCEMG0,1,1,100.00%,0,0,0.00%,0,0,0.00%,1,,,,,,,,,,,,,,,,100,,,,,,,,0,,0,,,,,,,,,,,,Never Blocked,,
926,A252PMEYW7EUQC,https://gamma-requester.mturk.com/workers/A252PMEYW7EUQC,2,2,100.00%,0,0,0.00%,0,0,0.00%,1,,,,,,,,,,,,,,,,100,,,,,,,,0,,0,,,,1,,1,,,,,,Never Blocked,,
927,A2531UD0IGT731,https://gamma-requester.mturk.com/workers/A2531UD0IGT731,1,1,100.00%,0,0,0.00%,0,0,0.00%,1,,,,,,,,,,,,,,,,100,,,,,,,,0,,0,,,,,,,,,,1,,Never Blocked,,
928,A2539L0HEMZUVS,https://gamma-requester.mturk.com/workers/A2539L0HEMZUVS,2,2,100.00%,0,0,0.00%,0,0,0.00%,1,,,,,,,,,,,,,,,,100,,,,,,,,0,,0,,,,,,1,,,,,,Never Blocked,,
929,A2541C8MY0BYV3,https://gamma-requester.mturk.com/workers/A2541C8MY0BYV3,5,5,100.00%,0,0,0.00%,0,0,0.00%,,,,,,,,,,,,,,,1,,,,,,1,,1,,,,,,,,,,,,,,,,Never Blocked,,
930,A256QIR5XUIP8K,https://gamma-requester.mturk.com/workers/A256QIR5XUIP8K,1,1,100.00%,1,1,100.00%,1,1,100.00%,,,,,,,,,,,,,1,,,,,,,,,,,,,,,,,,,,,,,,,,Never Blocked,,
931,A258O7SONUZKS9,https://gamma-requester.mturk.com/workers/A258O7SONUZKS9,1,1,100.00%,0,0,0.00%,0,0,0.00%,1,,,,,,,,,,,,,,,,100,,,,,,,,0,,0,,,,,,,,,,,,Never Blocked,,
932,A25B548FUCQD04,https://gamma-requester.mturk.com/workers/A25B548FUCQD04,1,1,100.00%,0,0,0.00%,0,0,0.00%,,,,,,,,,,,,,,,,,,,,,,,,,,,,,,,,,,,,,,,Never Blocked,,
933,A25CZJEFKXF4UV,https://gamma-requester.mturk.com/workers/A25CZJEFKXF4UV,1,1,100.00%,0,0,0.00%,0,0,0.00%,1,,,,,,,,,,,,,,,,100,,,,,,,,0,,0,,,,,,,,,,1,,Never Blocked,,
934,A25DOO3I8IXSR3,https://gamma-requester.mturk.com/workers/A25DOO3I8IXSR3,1,1,100.00%,0,0,0.00%,0,0,0.00%,1,,,,,,,,,,,,,,,,100,,,,,,,,0,,0,,,,,,,,,,1,,Never Blocked,,
935,A25FH7PXC446RG,https://gamma-requester.mturk.com/workers/A25FH7PXC446RG,3,3,100.00%,0,0,0.00%,0,0,0.00%,1,,,,,,,,,,,,,,,,100,,,,,,,,0,,0,,1,,1,,1,,,,,,Never Blocked,,
936,A25FHFTKE1TYA5,https://gamma-requester.mturk.com/workers/A25FHFTKE1TYA5,1,1,100.00%,0,0,0.00%,0,0,0.00%,1,,,,,,,,,,,,,,,,100,,,,,,,,0,,0,,,,,,1,,,,,,Never Blocked,,
937,A25KM5DM1Z09ZN,https://gamma-requester.mturk.com/workers/A25KM5DM1Z09ZN,4,4,100.00%,0,0,0.00%,0,0,0.00%,1,,,,,,,,,,,,,,,,100,,,,,,,,0,,1,,1,,1,,1,,,,,,Never Blocked,,
938,A25LXRZ7HED8RM,https://gamma-requester.mturk.com/workers/A25LXRZ7HED8RM,1,1,100.00%,0,0,0.00%,0,0,0.00%,1,,,,,,,,,,,,,,,,100,,,,,,,,0,,0,,,,,,,,,,1,,Never Blocked,,
939,A25N2OW7USWS2H,https://gamma-requester.mturk.com/workers/A25N2OW7USWS2H,2,2,100.00%,0,0,0.00%,0,0,0.00%,,,,,,,,,,,1,,,,,,1,,,,,,,,,,,,,,,,,,,,,,Never Blocked,,
940,A25PFSORDO3SWQ,https://gamma-requester.mturk.com/workers/A25PFSORDO3SWQ,4,4,100.00%,0,0,0.00%,0,0,0.00%,,,,,,,,,,,,,,,1,,,,,,1,,1,,,,,,,,,,,,1,,,,Never Blocked,,
941,A25PWCMG9XFFFY,https://gamma-requester.mturk.com/workers/A25PWCMG9XFFFY,1,1,100.00%,0,0,0.00%,0,0,0.00%,1,,,,,,,,,,,,,,,,100,,,,,,,,0,,0,,,,,,,,,,,,Never Blocked,,
942,A25R6M1SRCDIYF,https://gamma-requester.mturk.com/workers/A25R6M1SRCDIYF,5,5,100.00%,0,0,0.00%,0,0,0.00%,1,,,,,,,,,,,,,,,,100,,,,,,,,1,,1,,1,,1,,1,,,,,,Never Blocked,,
943,A25RUAJ0JRJ610,https://gamma-requester.mturk.com/workers/A25RUAJ0JRJ610,1,1,100.00%,0,0,0.00%,0,0,0.00%,1,,,,,,,,,,,,,,,,100,,,,,,,,0,,0,,,,,,1,,,,,,Never Blocked,,
944,A25TAR286DACXU,https://gamma-requester.mturk.com/workers/A25TAR286DACXU,1,1,100.00%,0,0,0.00%,0,0,0.00%,,,,,,,,,,,,,,,1,,,,,,,,1,,,,,,,,,,,,,,,,Never Blocked,,
945,A25TOEZW3SJ7A4,https://gamma-requester.mturk.com/workers/A25TOEZW3SJ7A4,1,1,100.00%,0,0,0.00%,0,0,0.00%,1,,,,,,,,,,,,,,,,100,,,,,,,,0,,0,,,,,,1,,,,,,Never Blocked,,
946,A25Y3D2Y2DR8WM,https://gamma-requester.mturk.com/workers/A25Y3D2Y2DR8WM,2,2,100.00%,0,0,0.00%,0,0,0.00%,,,,,,,,,1,,,,,,,,1,,,,,,,,,,,,,,,,,,,,,,Never Blocked,,
947,A260AFDCSXBQOH,https://gamma-requester.mturk.com/workers/A260AFDCSXBQOH,1,1,100.00%,0,0,0.00%,0,0,0.00%,1,,,,,,,,,,,,,,,,100,,,,,,,,0,,0,,,,,,1,,,,,,Never Blocked,,
948,A2615YW1YERQBO,https://gamma-requester.mturk.com/workers/A2615YW1YERQBO,1,1,100.00%,0,0,0.00%,0,0,0.00%,,,,,,,,,,,,,,,,,,,,,,,,,,,,,,,,,,,,,,,Never Blocked,,
949,A262YEPP7TVFWA,https://gamma-requester.mturk.com/workers/A262YEPP7TVFWA,1,1,100.00%,0,0,0.00%,0,0,0.00%,,,,,,,,,,,,,,,,,,,,,,,,,,,,,,,,,,,1,,,,Never Blocked,,
950,A262ZPFF6YO090,https://gamma-requester.mturk.com/workers/A262ZPFF6YO090,2,2,100.00%,0,0,0.00%,0,0,0.00%,1,,,,,,,,,,,,,,,,100,,,,,,,,0,,0,,,,1,,1,,,,,,Never Blocked,,
951,A2646YGRS0G84,https://gamma-requester.mturk.com/workers/A2646YGRS0G84,2,2,100.00%,0,0,0.00%,0,0,0.00%,,,,,,,,,,,,,,,1,,,,,,,,1,,,,,,,,,,,,,,,,Never Blocked,,
952,A26474IH4VINI,https://gamma-requester.mturk.com/workers/A26474IH4VINI,1,1,100.00%,0,0,0.00%,0,0,0.00%,,,,,,,,,,,,,,,1,,,,,,,,1,,,,,,,,,,,,,,,,Never Blocked,,
953,A267GMXDLLT3CA,https://gamma-requester.mturk.com/workers/A267GMXDLLT3CA,1,1,100.00%,0,0,0.00%,0,0,0.00%,,,,,,,,,,,,,,,,,1,,,,,,,,,,,,,,,,,,,,,,Never Blocked,,
954,A269MCW9TB4WTQ,https://gamma-requester.mturk.com/workers/A269MCW9TB4WTQ,1,1,100.00%,0,0,0.00%,0,0,0.00%,1,,,,,,,,,,,,,,,,100,,,,,,,,0,,0,,,,,,,,,,,,Never Blocked,,
955,A26CMVATM9SNL1,https://gamma-requester.mturk.com/workers/A26CMVATM9SNL1,1,1,100.00%,0,0,0.00%,0,0,0.00%,,,,,,,,,,,,,,,,,,,,,,,,,,,,,,,,,,,,,,,Never Blocked,,
956,A26DM1BK82SR8U,https://gamma-requester.mturk.com/workers/A26DM1BK82SR8U,5,5,100.00%,0,0,0.00%,0,0,0.00%,1,,,,,,,,,,,,,,,,100,,,,,,,,1,,1,,1,,1,,1,,,,,,Never Blocked,,
957,A26F7OWQB4H0CH,https://gamma-requester.mturk.com/workers/A26F7OWQB4H0CH,1,1,100.00%,0,0,0.00%,0,0,0.00%,,,,,,,,,,,,,,,,,1,,,,1,,,,,,,,,,,,,,,,,,Never Blocked,,
958,A26GDUUFGPAYUL,https://gamma-requester.mturk.com/workers/A26GDUUFGPAYUL,1,1,100.00%,0,0,0.00%,0,0,0.00%,1,,,,,,,,,,,,,,,,100,,,,,,,,0,,0,,,,,,1,,,,,,Never Blocked,,
959,A26GRGF6M1S5W9,https://gamma-requester.mturk.com/workers/A26GRGF6M1S5W9,1,1,100.00%,0,0,0.00%,0,0,0.00%,1,,,,,,,,,,,,,,,,100,,,,,,,,0,,0,,,,,,,,,,1,,Never Blocked,,
960,A26LH08CVCL8G6,https://gamma-requester.mturk.com/workers/A26LH08CVCL8G6,1,1,100.00%,0,0,0.00%,0,0,0.00%,,,,,,,,,,,,,,,,,100,,,,,,,,,,,,,,,,,,,,,,Never Blocked,,
961,A26M997VYVK0E6,https://gamma-requester.mturk.com/workers/A26M997VYVK0E6,1,1,100.00%,0,0,0.00%,0,0,0.00%,,,,,,,,,,,,,,,,,1,,,,,,,,,,,,,,,,,,,,,,Never Blocked,,
962,A26NGLGGFTATVN,https://gamma-requester.mturk.com/workers/A26NGLGGFTATVN,1,1,100.00%,0,0,0.00%,0,0,0.00%,1,,,,,,,,,,,,,,,,100,,,,,,,,0,,0,,,,,,,,,,1,,Never Blocked,,
963,A26OG9W41G0W52,https://gamma-requester.mturk.com/workers/A26OG9W41G0W52,1,1,100.00%,0,0,0.00%,0,0,0.00%,1,,,,,,,,,,,,,,,,100,,,,,,,,0,,0,,,,,,,,,,,,Never Blocked,,
964,A26RO8GGTQAXGG,https://gamma-requester.mturk.com/workers/A26RO8GGTQAXGG,5,5,100.00%,0,0,0.00%,0,0,0.00%,1,,,,,,,,,,,,,,1,,100,,,,,,,,0,,0,,1,,1,,1,,,,,,Never Blocked,,
965,A26UAJWMMNN351,https://gamma-requester.mturk.com/workers/A26UAJWMMNN351,1,1,100.00%,0,0,0.00%,0,0,0.00%,1,,,,,,,,,,,,,,,,100,,,,,,,,0,,0,,,,,,,,,,,,Never Blocked,,
966,A26V9C29612LZT,https://gamma-requester.mturk.com/workers/A26V9C29612LZT,5,5,100.00%,0,0,0.00%,0,0,0.00%,1,,,,,,,,,,,,,,,,100,,,,,,,,1,,1,,1,,1,,1,,,,,,Never Blocked,,
967,A26X269P2OTJOD,https://gamma-requester.mturk.com/workers/A26X269P2OTJOD,1,1,100.00%,0,0,0.00%,0,0,0.00%,,,,,,,,,,,,,,,,,100,,,,,,,,,,,,,,,,,,,,,,Never Blocked,,
968,A26X8BQELDQSGH,https://gamma-requester.mturk.com/workers/A26X8BQELDQSGH,1,1,100.00%,0,0,0.00%,0,0,0.00%,1,,,,,,,,,,,,,,,,100,,,,,,,,0,,0,,,,,,,,,,1,,Never Blocked,,
969,A26ZA5ZY0G5AGI,https://gamma-requester.mturk.com/workers/A26ZA5ZY0G5AGI,1,1,100.00%,0,0,0.00%,0,0,0.00%,1,,,,,,,,,,,,,,,,100,,,,,,,,0,,0,,,,,,,,,,1,,Never Blocked,,
970,A271A8U1LYIH3D,https://gamma-requester.mturk.com/workers/A271A8U1LYIH3D,4,4,100.00%,0,0,0.00%,0,0,0.00%,1,,,,,,,,,,,,,,,,100,,,,,,,,0,,1,,1,,1,,1,,,,,,Never Blocked,,
971,A2725U2ZB0DJ61,https://gamma-requester.mturk.com/workers/A2725U2ZB0DJ61,1,1,100.00%,0,0,0.00%,0,0,0.00%,,,,,,,,,,,1,,,,,,1,,,,,,,,,,,,,,,,,,,,,,Never Blocked,,
972,A272X64FOZFYLB,https://gamma-requester.mturk.com/workers/A272X64FOZFYLB,1,1,100.00%,0,0,0.00%,0,0,0.00%,1,,,,,,,,,,,,,,,,100,,,,,,,,0,,0,,,,,,,,,,1,,Never Blocked,,
973,A274TVSAYC8Y6U,https://gamma-requester.mturk.com/workers/A274TVSAYC8Y6U,1,1,100.00%,0,0,0.00%,0,0,0.00%,,,,,,,1,,,,,,,,,,,,,,,,,,,,,,,,,,,,1,,,,Never Blocked,,
974,A27543PSHZQKUV,https://gamma-requester.mturk.com/workers/A27543PSHZQKUV,1,1,100.00%,0,0,0.00%,0,0,0.00%,1,,,,,,,,,,,,,,,,100,,,,,,,,0,,0,,,,,,,,,,1,,Never Blocked,,
975,A277YP3WU7TZ4G,https://gamma-requester.mturk.com/workers/A277YP3WU7TZ4G,1,1,100.00%,0,0,0.00%,0,0,0.00%,1,,,,,,,,,,,,,,,,100,,,,,,,,0,,0,,,,,,,,,,1,,Never Blocked,,
976,A27CF65UO8YTP,https://gamma-requester.mturk.com/workers/A27CF65UO8YTP,4,4,100.00%,0,0,0.00%,0,0,0.00%,1,,,,,,,,,,,,,,,,100,,,,,,,,0,,0,,1,,1,,1,,,,,,Never Blocked,,
977,A27IH9FEMBL2S7,https://gamma-requester.mturk.com/workers/A27IH9FEMBL2S7,1,1,100.00%,0,0,0.00%,0,0,0.00%,1,,,,,,,,,,,,,,,,100,,,,,,,,0,,0,,,,,,,,,,1,,Never Blocked,,
978,A27KG8M8AJLX8L,https://gamma-requester.mturk.com/workers/A27KG8M8AJLX8L,1,1,100.00%,0,0,0.00%,0,0,0.00%,1,,,,,,,,,,,,,,,,100,,,,,,,,0,,0,,,,,,,,,,,,Never Blocked,,
979,A27KTNOX292J1I,https://gamma-requester.mturk.com/workers/A27KTNOX292J1I,2,2,100.00%,0,0,0.00%,0,0,0.00%,,,,,,,,,,,,,,,1,,,,,,,,1,,,,,,,,,,,,,,,,Never Blocked,,
980,A27LCUA35LPVM8,https://gamma-requester.mturk.com/workers/A27LCUA35LPVM8,4,4,100.00%,0,0,0.00%,0,0,0.00%,1,,,,,,,,,,,,,,,,100,,,,,,,,0,,0,,1,,1,,1,,,,,,Never Blocked,,
981,A27O7H19C0WQ7T,https://gamma-requester.mturk.com/workers/A27O7H19C0WQ7T,2,2,100.00%,0,0,0.00%,0,0,0.00%,1,,,,,,,,,,,,,,,,100,,,,,,,,0,,0,,,,1,,1,,,,,,Never Blocked,,
982,A27PVIL93ZMY46,https://gamma-requester.mturk.com/workers/A27PVIL93ZMY46,1,1,100.00%,0,0,0.00%,0,0,0.00%,,,,,,,,,,,,,,,,,,,,,1,,,,,,,,,,,,,,1,,,,Never Blocked,,
983,A27QYXUNPJR8B,https://gamma-requester.mturk.com/workers/A27QYXUNPJR8B,1,1,100.00%,0,0,0.00%,0,0,0.00%,,,,,,,,,,,,,,,,,100,,,,,,,,,,,,,,,,,,,,,,Never Blocked,,
984,A27V2X7J8UB0D6,https://gamma-requester.mturk.com/workers/A27V2X7J8UB0D6,1,0,0.00%,0,0,0.00%,0,0,0.00%,,,,,,,,,,,,,,,,,1,,,,,,,,,,,,,,,,,,,,,,Never Blocked,,
985,A27VFM67RPD2L5,https://gamma-requester.mturk.com/workers/A27VFM67RPD2L5,4,4,100.00%,0,0,0.00%,0,0,0.00%,1,,,,,,,,,,,,,,,,100,,,,,,,,0,,1,,1,,1,,1,,,,,,Never Blocked,,
986,A27W025UEXS1G0,https://gamma-requester.mturk.com/workers/A27W025UEXS1G0,1,1,100.00%,0,0,0.00%,0,0,0.00%,1,,,,,,,,,,,,,,,,100,,,,,,,,0,,0,,,,,,,,,,1,,Never Blocked,,
987,A27ZE20JZ3VDUP,https://gamma-requester.mturk.com/workers/A27ZE20JZ3VDUP,1,1,100.00%,0,0,0.00%,0,0,0.00%,1,,,,,,,,,,,,,,,,100,,,,,,,,0,,0,,,,,,,,,,1,,Never Blocked,,
988,A2800O9D9KJ3G4,https://gamma-requester.mturk.com/workers/A2800O9D9KJ3G4,1,0,0.00%,0,0,0.00%,0,0,0.00%,,,,,,,,,,,,,,,1,,,,,,,,,,,,,,,,,,,,,,,,Never Blocked,,
989,A2837NCV9OXBFZ,https://gamma-requester.mturk.com/workers/A2837NCV9OXBFZ,1,1,100.00%,0,0,0.00%,0,0,0.00%,1,,,,,,,,,,,,,,,,100,,,,,,,,0,,0,,,,,,,,,,1,,Never Blocked,,
990,A283ZLAO3AKQQD,https://gamma-requester.mturk.com/workers/A283ZLAO3AKQQD,1,1,100.00%,0,0,0.00%,0,0,0.00%,,,,,,,,,,,,,,,1,,1,,,,,,,,,,,,,,,,,,,,,,Never Blocked,,
991,A2852XMDL2ORX,https://gamma-requester.mturk.com/workers/A2852XMDL2ORX,1,1,100.00%,0,0,0.00%,0,0,0.00%,,,,,,,,,1,,,,,,,,1,,,,,,,,,,,,,,,,,,,,,,Never Blocked,,
992,A286798DZB9U9O,https://gamma-requester.mturk.com/workers/A286798DZB9U9O,1,1,100.00%,0,0,0.00%,0,0,0.00%,1,,,,,,,,,,,,,,,,100,,,,,,,,0,,0,,,,,,,,,,,,Never Blocked,,
993,A2868HFLIU4V0C,https://gamma-requester.mturk.com/workers/A2868HFLIU4V0C,4,4,100.00%,0,0,0.00%,0,0,0.00%,1,,,,,,,,,,,,,,,,100,,,,,,,,0,,1,,1,,1,,1,,,,,,Never Blocked,,
994,A286XY2ZVNSB34,https://gamma-requester.mturk.com/workers/A286XY2ZVNSB34,1,1,100.00%,0,0,0.00%,0,0,0.00%,1,,,,,,,,,,,,,,,,100,,,,,,,,0,,0,,,,,,,,,,,,Never Blocked,,
995,A2871R3LEPWMMK,https://gamma-requester.mturk.com/workers/A2871R3LEPWMMK,1,1,100.00%,0,0,0.00%,0,0,0.00%,1,,,,,,,,,,,,,,,,100,,,,,,,,0,,0,,,,,,,,,,,,Never Blocked,,
996,A287I4G1Q0K003,https://gamma-requester.mturk.com/workers/A287I4G1Q0K003,1,1,100.00%,0,0,0.00%,0,0,0.00%,,,,,,,,,,,,,,,,,100,,,,,,,,,,,,,,,,,,,,,,Never Blocked,,
997,A2893LTGSDN0SM,https://gamma-requester.mturk.com/workers/A2893LTGSDN0SM,1,1,100.00%,0,0,0.00%,0,0,0.00%,,,,,,,,,,,,,,,1,,,,,,,,,,,,,,,,,,,,,,,,Never Blocked,,
998,A289D98Z4GAZ28,https://gamma-requester.mturk.com/workers/A289D98Z4GAZ28,1,1,100.00%,0,0,0.00%,0,0,0.00%,,,,,,,,,,,,,,,,,100,,,,,,,,,,,,,,,,,,,,,,Never Blocked,,
999,A289E7Z30M40X2,https://gamma-requester.mturk.com/workers/A289E7Z30M40X2,1,1,100.00%,0,0,0.00%,0,0,0.00%,1,,,,,,,,,,,,,,,,100,,,,,,,,0,,0,,,,,,1,,,,,,Never Blocked,,
1000,A28ANDQ58MEMGW,https://gamma-requester.mturk.com/workers/A28ANDQ58MEMGW,1,1,100.00%,0,0,0.00%,0,0,0.00%,1,,,,,,,,,,,,,,,,100,,,,,,,,0,,0,,,,,,1,,,,,,Never Blocked,,
1001,A28AXX4NCWPH1F,https://gamma-requester.mturk.com/workers/A28AXX4NCWPH1F,1,1,100.00%,0,0,0.00%,0,0,0.00%,1,,,,,,,,,,,,,,,,100,,,,,,,,0,,0,,,,,,,,,,1,,Never Blocked,,
1002,A28AZIO4D7TSXV,https://gamma-requester.mturk.com/workers/A28AZIO4D7TSXV,4,4,100.00%,0,0,0.00%,0,0,0.00%,1,,,,,,,,,,,,,,,,100,,,,,,,,0,,1,,1,,1,,1,,,,,,Never Blocked,,
1003,A28C4YC9WPNYG2,https://gamma-requester.mturk.com/workers/A28C4YC9WPNYG2,5,5,100.00%,0,0,0.00%,0,0,0.00%,1,,,,,,,,,,,,,,,,100,,,,,,,,1,,1,,1,,1,,1,,,,,,Never Blocked,,
1004,A28HB7240OFGEW,https://gamma-requester.mturk.com/workers/A28HB7240OFGEW,1,1,100.00%,0,0,0.00%,0,0,0.00%,,,,,,,,,,,,,,,,,,,,,,,,,,,,,,,,,,,,,,,Never Blocked,,
1005,A28JWKICT1X73Z,https://gamma-requester.mturk.com/workers/A28JWKICT1X73Z,2,2,100.00%,0,0,0.00%,0,0,0.00%,,,,,,,1,,,,,,,,,,100,,,,,,,,,,,,,,,,,,1,,,,Never Blocked,,
1006,A28K46TA74RQH7,https://gamma-requester.mturk.com/workers/A28K46TA74RQH7,1,1,100.00%,0,0,0.00%,0,0,0.00%,,,,,,,,,,,,,,,,,1,,,,,,,,,,,,,,,,,,,,,,Never Blocked,,
1007,A28KJF1FSM7P27,https://gamma-requester.mturk.com/workers/A28KJF1FSM7P27,1,1,100.00%,0,0,0.00%,0,0,0.00%,1,,,,,,,,,,,,,,,,100,,,,,,,,0,,0,,,,,,,,,,1,,Never Blocked,,
1008,A28LE67Q1YR9TV,https://gamma-requester.mturk.com/workers/A28LE67Q1YR9TV,1,1,100.00%,0,0,0.00%,0,0,0.00%,1,,,,,,,,,,,,,,,,100,,,,,,,,0,,0,,,,,,,,,,,,Never Blocked,,
1009,A28O8I1SYFZO7A,https://gamma-requester.mturk.com/workers/A28O8I1SYFZO7A,1,1,100.00%,0,0,0.00%,0,0,0.00%,1,,,,,,,,,,,,,,,,100,,,,,,,,0,,0,,,,,,,,,,1,,Never Blocked,,
1010,A28OD52SMLYQ16,https://gamma-requester.mturk.com/workers/A28OD52SMLYQ16,1,1,100.00%,0,0,0.00%,0,0,0.00%,,,,,,,,,,,,,,,,,100,,,,,,,,,,,,,,,,,,,,,,Never Blocked,,
1011,A28P7V6WDT9UN1,https://gamma-requester.mturk.com/workers/A28P7V6WDT9UN1,2,2,100.00%,0,0,0.00%,0,0,0.00%,,,,,,,1,,,,,,,,,,,,,,,,,,,,,,,,,,,,,,,,Never Blocked,,
1012,A28RL79ONUXTET,https://gamma-requester.mturk.com/workers/A28RL79ONUXTET,2,2,100.00%,0,0,0.00%,0,0,0.00%,1,,,,,,,,,,,,,,,,100,,,,,,,,0,,0,,,,,,,,,,,,Never Blocked,,
1013,A28RNN56JS8MUX,https://gamma-requester.mturk.com/workers/A28RNN56JS8MUX,1,1,100.00%,0,0,0.00%,0,0,0.00%,,,,,,,,,,,,,,,,,100,,,,,,,,,,,,,,,,,,,,,,Never Blocked,,
1014,A28S8JDL6PQSN1,https://gamma-requester.mturk.com/workers/A28S8JDL6PQSN1,1,1,100.00%,0,0,0.00%,0,0,0.00%,1,,,,,,,,,,,,,,,,100,,,,,,,,0,,0,,,,,,,,,,1,,Never Blocked,,
1015,A28WQITGA1Y4JY,https://gamma-requester.mturk.com/workers/A28WQITGA1Y4JY,1,1,100.00%,0,0,0.00%,0,0,0.00%,1,,,,,,,,,,,,,,,,100,,,,,,,,0,,0,,,,,,,,,,,,Never Blocked,,
1016,A28XQ5A72C0KL1,https://gamma-requester.mturk.com/workers/A28XQ5A72C0KL1,1,1,100.00%,0,0,0.00%,0,0,0.00%,,,,,,,,,,,,,,,,,,,,,,,,,,,,,,,,,,,,,,,Never Blocked,,
1017,A28ZPY6D5AS7GZ,https://gamma-requester.mturk.com/workers/A28ZPY6D5AS7GZ,1,1,100.00%,0,0,0.00%,0,0,0.00%,1,,,,,,,,,,,,,,,,100,,,,,,,,0,,0,,,,,,,,,,,,Never Blocked,,
1018,A290Z6QAL17PQE,https://gamma-requester.mturk.com/workers/A290Z6QAL17PQE,4,4,100.00%,0,0,0.00%,0,0,0.00%,,,,,,,1,,,,1,,,,,,1,,,,,,,,,,,,,,,,,,,,,,Never Blocked,,
1019,A293TIAVWJX7KC,https://gamma-requester.mturk.com/workers/A293TIAVWJX7KC,1,1,100.00%,0,0,0.00%,0,0,0.00%,1,,,,,,,,,,,,,,,,100,,,,,,,,0,,0,,,,,,1,,,,,,Never Blocked,,
1020,A294C3NQHIOI8K,https://gamma-requester.mturk.com/workers/A294C3NQHIOI8K,1,1,100.00%,0,0,0.00%,0,0,0.00%,,,,,,,,,,,,,,,,,100,,,,,,,,,,,,,,,,,,,,,,Never Blocked,,
1021,A297OTX4PW0XS3,https://gamma-requester.mturk.com/workers/A297OTX4PW0XS3,1,1,100.00%,0,0,0.00%,0,0,0.00%,1,,,,,,,,,,,,,,,,100,,,,,,,,0,,0,,,,,,,,,,1,,Never Blocked,,
1022,A29A5E747HD7CS,https://gamma-requester.mturk.com/workers/A29A5E747HD7CS,3,3,100.00%,0,0,0.00%,0,0,0.00%,1,,,,,,,,,,,,,,,,100,,,,,,,,0,,0,,1,,1,,1,,,,,,Never Blocked,,
1023,A29AHN9AT1W13U,https://gamma-requester.mturk.com/workers/A29AHN9AT1W13U,2,2,100.00%,0,0,0.00%,0,0,0.00%,1,,,,,,,,,,,,,,,,100,,,,,,,,0,,0,,,,,,1,,,,,,Never Blocked,,
1024,A29GU10CS7PZ1I,https://gamma-requester.mturk.com/workers/A29GU10CS7PZ1I,1,1,100.00%,0,0,0.00%,0,0,0.00%,,,,,,,,,,,,,,,1,,,,,,,,,,,,,,,,,,,,,,,,Never Blocked,,
1025,A29IBN8FCHRVW1,https://gamma-requester.mturk.com/workers/A29IBN8FCHRVW1,2,2,100.00%,0,0,0.00%,0,0,0.00%,1,,,,,,,,,,,,,,,,100,,,,,,,,0,,0,,,,1,,1,,,,,,Never Blocked,,
1026,A29LGLYSB9WQ8H,https://gamma-requester.mturk.com/workers/A29LGLYSB9WQ8H,1,1,100.00%,0,0,0.00%,0,0,0.00%,1,,,,,,,,,,,,,,,,100,,,,,,,,0,,0,,,,,,1,,,,,,Never Blocked,,
1027,A29PB3QJJ1YA6T,https://gamma-requester.mturk.com/workers/A29PB3QJJ1YA6T,1,1,100.00%,1,1,100.00%,0,0,0.00%,,,,,,,,,,,,,1,,,,,,,,,,,,,,,,,,,,,,,,,,Never Blocked,,
1028,A29SRBVRTDEHJ9,https://gamma-requester.mturk.com/workers/A29SRBVRTDEHJ9,1,1,100.00%,1,1,100.00%,0,0,0.00%,,,,,,,,,,,,,1,,,,,,,,,,,,,,,,,,,,,,,,,,Never Blocked,,
1029,A29UY2AFOPUP5C,https://gamma-requester.mturk.com/workers/A29UY2AFOPUP5C,2,2,100.00%,0,0,0.00%,0,0,0.00%,,,,,,,,,,,1,,,,,,1,,,,,,,,,,,,,,,,,,,,,,Never Blocked,,
1030,A29VTPJZUONSEG,https://gamma-requester.mturk.com/workers/A29VTPJZUONSEG,1,1,100.00%,0,0,0.00%,0,0,0.00%,1,,,,,,,,,,,,,,,,100,,,,,,,,0,,0,,,,,,1,,,,,,Never Blocked,,
1031,A29WMFCFGS5UUO,https://gamma-requester.mturk.com/workers/A29WMFCFGS5UUO,2,2,100.00%,0,0,0.00%,0,0,0.00%,1,,,,,,,,,,,,,,,,100,,,,,,,,0,,0,,,,,,1,,,,,,Never Blocked,,
1032,A2A26XYIWD0HN2,https://gamma-requester.mturk.com/workers/A2A26XYIWD0HN2,2,2,100.00%,0,0,0.00%,0,0,0.00%,1,,,,,,,,,,,,,,,,100,,,,,,,,0,,0,,,,,,1,,,,,,Never Blocked,,
1033,A2A4XET0WHI72M,https://gamma-requester.mturk.com/workers/A2A4XET0WHI72M,1,1,100.00%,0,0,0.00%,0,0,0.00%,1,,,,,,,,,,,,,,,,100,,,,,,,,0,,0,,,,,,1,,,,,,Never Blocked,,
1034,A2A5HAPJD18TRU,https://gamma-requester.mturk.com/workers/A2A5HAPJD18TRU,1,1,100.00%,0,0,0.00%,0,0,0.00%,1,,,,,,,,,,,,,,,,100,,,,,,,,0,,0,,,,,,,,,,1,,Never Blocked,,
1035,A2A5XK67WBTNZ6,https://gamma-requester.mturk.com/workers/A2A5XK67WBTNZ6,0,0,0.00%,0,0,0.00%,0,0,0.00%,,,,,,,,,,,,,,1,,,,,,,,,,,,,,,,,,,,,,,,,Never Blocked,,
1036,A2A66W3JTSP642,https://gamma-requester.mturk.com/workers/A2A66W3JTSP642,1,0,0.00%,0,0,0.00%,0,0,0.00%,,,,,,,,,1,,,,,,,,1,,,,,,,,,,,,,,,,,,,,,,Never Blocked,,
1037,A2A6SXYYLPKYW,https://gamma-requester.mturk.com/workers/A2A6SXYYLPKYW,1,1,100.00%,0,0,0.00%,0,0,0.00%,,,,,,,,,,,,,,,1,,,,,,,,,,,,,,,,,,,,,,,,Never Blocked,,
1038,A2A7O6KYJ9GS8A,https://gamma-requester.mturk.com/workers/A2A7O6KYJ9GS8A,1,1,100.00%,0,0,0.00%,0,0,0.00%,1,,,,,,,,,,,,,,,,100,,,,,,,,0,,0,,,,,,,,,,1,,Never Blocked,,
1039,A2AAFWAAS9C1QC,https://gamma-requester.mturk.com/workers/A2AAFWAAS9C1QC,1,1,100.00%,0,0,0.00%,0,0,0.00%,1,,,,,,,,,,,,,,,,100,,,,,,,,0,,0,,,,,,1,,,,,,Never Blocked,,
1040,A2AAS1LLCLM1R7,https://gamma-requester.mturk.com/workers/A2AAS1LLCLM1R7,1,1,100.00%,0,0,0.00%,0,0,0.00%,,,,,,,,,,,,,,,,,,,,,,,,,,,,,,,,,,,,,,,Never Blocked,,
1041,A2AD1O1NYA478K,https://gamma-requester.mturk.com/workers/A2AD1O1NYA478K,1,1,100.00%,0,0,0.00%,0,0,0.00%,,,,,,,,,,,,,,,,,100,,,,,,,,,,,,,,,,,,,,,,Never Blocked,,
1042,A2AESV6JRC0TC0,https://gamma-requester.mturk.com/workers/A2AESV6JRC0TC0,1,1,100.00%,0,0,0.00%,0,0,0.00%,,,,,,,,,,,,,,,,,100,,,,,,,,,,,,,,,,,,,,,,Never Blocked,,
1043,A2AHSX0WO4L18A,https://gamma-requester.mturk.com/workers/A2AHSX0WO4L18A,1,1,100.00%,0,0,0.00%,0,0,0.00%,,,,,,,,,,,,,,,,,,,,,,,,,,,,,,,,,,,1,,,,Never Blocked,,
1044,A2AILDQQ4UTXD0,https://gamma-requester.mturk.com/workers/A2AILDQQ4UTXD0,3,3,100.00%,0,0,0.00%,0,0,0.00%,,,,,,,,,,,1,,,,,,1,,,,,,,,,,,,,,,,,,,,,,Never Blocked,,
1045,A2AIYFV2LTV971,https://gamma-requester.mturk.com/workers/A2AIYFV2LTV971,1,1,100.00%,0,0,0.00%,0,0,0.00%,1,,,,,,,,,,,,,,,,100,,,,,,,,0,,0,,,,,,,,,,,,Never Blocked,,
1046,A2AK1JLYUPXDL7,https://gamma-requester.mturk.com/workers/A2AK1JLYUPXDL7,1,1,100.00%,0,0,0.00%,0,0,0.00%,,,,,,,,,,,,,,,1,,,,,,,,1,,,,,,,,,,,,,,,,Never Blocked,,
1047,A2AKOFX5IZA1N7,https://gamma-requester.mturk.com/workers/A2AKOFX5IZA1N7,1,1,100.00%,0,0,0.00%,0,0,0.00%,1,,,,,,,,,,,,,,,,100,,,,,,,,0,,0,,,,,,,,,,1,,Never Blocked,,
1048,A2AN972XU7OY8W,https://gamma-requester.mturk.com/workers/A2AN972XU7OY8W,2,2,100.00%,0,0,0.00%,0,0,0.00%,,,,,,,,,,,,,,,1,,,,,,,,1,,,,,,,,,,,,,,,,Never Blocked,,
1049,A2APG8MSLJ6G2K,https://gamma-requester.mturk.com/workers/A2APG8MSLJ6G2K,4,4,100.00%,0,0,0.00%,0,0,0.00%,1,,,,,,,,,,,,,1,1,,100,,,,1,,1,,0,,0,,,,,,,,,,1,,Never Blocked,,
1050,A2AQDPK2JTLLO2,https://gamma-requester.mturk.com/workers/A2AQDPK2JTLLO2,1,1,100.00%,0,0,0.00%,0,0,0.00%,,,,,,,,,,,,,,,,,,,,,,,,,,,,,,,,,,,,,,,Never Blocked,,
1051,A2AQGD7SVRIJCV,https://gamma-requester.mturk.com/workers/A2AQGD7SVRIJCV,1,1,100.00%,0,0,0.00%,0,0,0.00%,1,,,,,,,,,,,,,,,,100,,,,,,,,0,,0,,,,,,,,,,1,,Never Blocked,,
1052,A2ASR7XQA7KERU,https://gamma-requester.mturk.com/workers/A2ASR7XQA7KERU,2,1,50.00%,0,0,0.00%,0,0,0.00%,,,,,,,,,,,,,,,,,1,,,,1,,,,,,,,,,,,,,1,,,,Never Blocked,,
1053,A2ASRB2MTHDHPD,https://gamma-requester.mturk.com/workers/A2ASRB2MTHDHPD,3,3,100.00%,0,0,0.00%,0,0,0.00%,,,,,,,,,1,,,,,,,,1,,,,,,,,,,,,,,,,,,,,,,Never Blocked,,
1054,A2AT5B7RW4VXBX,https://gamma-requester.mturk.com/workers/A2AT5B7RW4VXBX,1,1,100.00%,0,0,0.00%,0,0,0.00%,1,,,,,,,,,,,,,,,,100,,,,,,,,0,,0,,,,,,,,,,,,Never Blocked,,
1055,A2AU7EEUOH7G0K,https://gamma-requester.mturk.com/workers/A2AU7EEUOH7G0K,1,1,100.00%,0,0,0.00%,0,0,0.00%,,,,,,,,,,,,,,,,,,,,,,,,,,,,,,,,,,,1,,,,Never Blocked,,
1056,A2AY4ZM3Y9BTYZ,https://gamma-requester.mturk.com/workers/A2AY4ZM3Y9BTYZ,1,1,100.00%,0,0,0.00%,0,0,0.00%,1,,,,,,,,,,,,,,,,100,,,,,,,,0,,0,,,,,,,,,,1,,Never Blocked,,
1057,A2B0J7HGR6T34W,https://gamma-requester.mturk.com/workers/A2B0J7HGR6T34W,2,2,100.00%,0,0,0.00%,0,0,0.00%,,,,,,,,,,,,,,,1,,,,,,,,1,,,,,,,,,,,,,,,,Never Blocked,,
1058,A2B153AHPWHLH1,https://gamma-requester.mturk.com/workers/A2B153AHPWHLH1,1,1,100.00%,0,0,0.00%,0,0,0.00%,,,,,,,,,,,,,,,,,1,,,,,,,,,,,,,,,,,,1,,,,Never Blocked,,
1059,A2B6B7D5NCVCK5,https://gamma-requester.mturk.com/workers/A2B6B7D5NCVCK5,1,1,100.00%,0,0,0.00%,0,0,0.00%,,,,,,,,,,,,,,,1,,,,,,,,,,,,,,,,,,,,,,,,Never Blocked,,
1060,A2B92V8V5QVNC2,https://gamma-requester.mturk.com/workers/A2B92V8V5QVNC2,2,2,100.00%,0,0,0.00%,0,0,0.00%,1,,,,,,,,,,,,,,,,100,,,,,,,,0,,0,,,,,,1,,,,,,Never Blocked,,
1061,A2B93NS1ZZ7QD7,https://gamma-requester.mturk.com/workers/A2B93NS1ZZ7QD7,1,1,100.00%,0,0,0.00%,0,0,0.00%,1,,,,,,,,,,,,,,,,100,,,,,,,,0,,0,,,,,,1,,,,,,Never Blocked,,
1062,A2B9V70J9P8BH8,https://gamma-requester.mturk.com/workers/A2B9V70J9P8BH8,1,1,100.00%,0,0,0.00%,0,0,0.00%,,,,,,,,,,,,,,,,,100,,,,,,,,,,,,,,,,,,,,,,Never Blocked,,
1063,A2BB01M8NATK5V,https://gamma-requester.mturk.com/workers/A2BB01M8NATK5V,1,1,100.00%,0,0,0.00%,0,0,0.00%,1,,,,,,,,,,,,,,,,100,,,,,,,,0,,0,,,,,,,,,,,,Never Blocked,,
1064,A2BCMPNC9JAWDB,https://gamma-requester.mturk.com/workers/A2BCMPNC9JAWDB,0,0,0.00%,0,0,0.00%,0,0,0.00%,,,,,,,,,,,,,,1,,,,,,,,,,,,,,,,,,,,,,,,,Never Blocked,,
1065,A2BEH9YQPHKP6A,https://gamma-requester.mturk.com/workers/A2BEH9YQPHKP6A,4,4,100.00%,0,0,0.00%,0,0,0.00%,1,,,,,,,,,,,,,,,,100,,,,,,,,0,,0,,1,,1,,1,,,,,,Never Blocked,,
1066,A2BHPYKUHMASE0,https://gamma-requester.mturk.com/workers/A2BHPYKUHMASE0,1,1,100.00%,0,0,0.00%,0,0,0.00%,1,,,,,,,,,,,,,,,,100,,,,,,,,0,,0,,,,,,,,,,1,,Never Blocked,,
1067,A2BJBHKD6963V7,https://gamma-requester.mturk.com/workers/A2BJBHKD6963V7,3,3,100.00%,0,0,0.00%,0,0,0.00%,,,,,,,,,,,,,,,1,,,,,,,,1,,,,,,,,,,,,,,,,Never Blocked,,
1068,A2BLOLBTYSNG5J,https://gamma-requester.mturk.com/workers/A2BLOLBTYSNG5J,1,1,100.00%,0,0,0.00%,0,0,0.00%,1,,,,,,,,,,,,,,,,100,,,,,,,,0,,0,,,,,,1,,,,,,Never Blocked,,
1069,A2BLXPUFVNXEPT,https://gamma-requester.mturk.com/workers/A2BLXPUFVNXEPT,1,1,100.00%,0,0,0.00%,0,0,0.00%,1,,,,,,,,,,,,,,,,100,,,,,,,,0,,0,,,,,,,,,,,,Never Blocked,,
1070,A2BMHU56X2NH63,https://gamma-requester.mturk.com/workers/A2BMHU56X2NH63,1,1,100.00%,0,0,0.00%,0,0,0.00%,1,,,,,,,,,,,,,,,,100,,,,,,,,0,,0,,,,,,,,,,,,Never Blocked,,
1071,A2BQ5EDAEJDJ1T,https://gamma-requester.mturk.com/workers/A2BQ5EDAEJDJ1T,1,1,100.00%,0,0,0.00%,0,0,0.00%,1,,,,,,,,,,,,,,,,100,,,,,,,,0,,0,,,,,,1,,,,,,Never Blocked,,
1072,A2BQ5FR7SQCS40,https://gamma-requester.mturk.com/workers/A2BQ5FR7SQCS40,2,2,100.00%,0,0,0.00%,0,0,0.00%,1,,,,,,,,,,,,,,,,100,,,,,,,,0,,0,,,,,,1,,,,,,Never Blocked,,
1073,A2BRTEB7WVM96W,https://gamma-requester.mturk.com/workers/A2BRTEB7WVM96W,1,1,100.00%,0,0,0.00%,0,0,0.00%,,,,,,,,,,,1,,,,,,1,,,,,,,,,,,,,,,,,,,,,,Never Blocked,,
1074,A2BSXJPXWYJE28,https://gamma-requester.mturk.com/workers/A2BSXJPXWYJE28,1,1,100.00%,0,0,0.00%,0,0,0.00%,,,,,,,,,,,,,,,,,1,,,,,,,,,,,,,,,,,,,,,,Never Blocked,,
1075,A2BUHMLNE3LUU0,https://gamma-requester.mturk.com/workers/A2BUHMLNE3LUU0,2,2,100.00%,0,0,0.00%,0,0,0.00%,,,,,,,,,1,,,,,,,,1,,,,,,,,,,,,,,,,,,,,,,Never Blocked,,
1076,A2BWYDL3G0B4M2,https://gamma-requester.mturk.com/workers/A2BWYDL3G0B4M2,2,1,50.00%,0,0,0.00%,0,0,0.00%,,,,,,,1,,,,,,,,,,,,,,,,,,,,,,,,,,,,1,,,,Never Blocked,,
1077,A2C1RQ35K285CL,https://gamma-requester.mturk.com/workers/A2C1RQ35K285CL,1,1,100.00%,0,0,0.00%,0,0,0.00%,1,,,,,,,,,,,,,,,,100,,,,,,,,0,,0,,,,,,,,,,,,Never Blocked,,
1078,A2C2R1Z4VUOCUK,https://gamma-requester.mturk.com/workers/A2C2R1Z4VUOCUK,1,1,100.00%,0,0,0.00%,0,0,0.00%,1,,,,,,,,,,,,,,,,100,,,,,,,,0,,0,,,,,,1,,,,,,Never Blocked,,
1079,A2C3LALU1PQK6L,https://gamma-requester.mturk.com/workers/A2C3LALU1PQK6L,1,1,100.00%,0,0,0.00%,0,0,0.00%,,,,,,,,,,,,,,,,,1,,,,,,,,,,,,,,,,,,,,,,Never Blocked,,
1080,A2C6OOP1BU0Z9R,https://gamma-requester.mturk.com/workers/A2C6OOP1BU0Z9R,1,1,100.00%,0,0,0.00%,0,0,0.00%,1,,,,,,,,,,,,,,,,100,,,,,,,,0,,0,,,,,,1,,,,,,Never Blocked,,
1081,A2C73Y1COWCA51,https://gamma-requester.mturk.com/workers/A2C73Y1COWCA51,1,1,100.00%,0,0,0.00%,0,0,0.00%,1,,,,,,,,,,,,,,,,100,,,,,,,,0,,0,,,,,,,,,,1,,Never Blocked,,
1082,A2C7TMRC2QHTIW,https://gamma-requester.mturk.com/workers/A2C7TMRC2QHTIW,1,1,100.00%,0,0,0.00%,0,0,0.00%,1,,,,,,,,,,,,,,,,100,,,,,,,,0,,0,,,,,,,,,,1,,Never Blocked,,
1083,A2C84POENS2UNY,https://gamma-requester.mturk.com/workers/A2C84POENS2UNY,1,1,100.00%,0,0,0.00%,0,0,0.00%,1,,,,,,,,,,,,,,,,100,,,,,,,,0,,0,,,,,,,,,,1,,Never Blocked,,
1084,A2C8CPT60DE5V8,https://gamma-requester.mturk.com/workers/A2C8CPT60DE5V8,4,4,100.00%,0,0,0.00%,0,0,0.00%,1,,,,,,,,,,,,,,,,100,,,,,,,,0,,1,,1,,1,,1,,,,,,Never Blocked,,
1085,A2C94QY2JYWLWX,https://gamma-requester.mturk.com/workers/A2C94QY2JYWLWX,3,3,100.00%,0,0,0.00%,0,0,0.00%,1,,,,,,,,,,,,,,,,100,,,,,,,,0,,0,,1,,1,,1,,,,,,Never Blocked,,
1086,A2C9Z4YND5DX0E,https://gamma-requester.mturk.com/workers/A2C9Z4YND5DX0E,1,1,100.00%,0,0,0.00%,0,0,0.00%,1,,,,,,,,,,,,,,,,100,,,,,,,,0,,0,,,,,,,,,,,,Never Blocked,,
1087,A2CA2CUWD2BH07,https://gamma-requester.mturk.com/workers/A2CA2CUWD2BH07,2,2,100.00%,0,0,0.00%,0,0,0.00%,1,,,,,,,,,,,,,,,,100,,,,,,,,0,,0,,,,,,1,,,,,,Never Blocked,,
1088,A2CB9D65R9CY9A,https://gamma-requester.mturk.com/workers/A2CB9D65R9CY9A,1,1,100.00%,1,1,100.00%,1,1,100.00%,,,,,,,,,,,,,1,,,,,,,,,,,,,,,,,,,,,,,,,,Never Blocked,,
1089,A2CE7Q3V4YEDOZ,https://gamma-requester.mturk.com/workers/A2CE7Q3V4YEDOZ,1,1,100.00%,0,0,0.00%,0,0,0.00%,,,,,,,,,,,,,,,,,,,,,,,,,,,,,,,,,,,1,,,,Never Blocked,,
1090,A2CHDWKAYZ3P3E,https://gamma-requester.mturk.com/workers/A2CHDWKAYZ3P3E,1,1,100.00%,0,0,0.00%,0,0,0.00%,1,,,,,,,,,,,,,,,,100,,,,,,,,0,,0,,,,,,,,,,1,,Never Blocked,,
1091,A2CHKF2A6F4MIX,https://gamma-requester.mturk.com/workers/A2CHKF2A6F4MIX,1,1,100.00%,0,0,0.00%,0,0,0.00%,1,,,,,,,,,,,,,,,,100,,,,,,,,0,,0,,,,,,,,,,,,Never Blocked,,
1092,A2CI4FF8RLXX8X,https://gamma-requester.mturk.com/workers/A2CI4FF8RLXX8X,1,1,100.00%,0,0,0.00%,0,0,0.00%,,,,,,,,,,,,,,,,,1,,,,,,,,,,,,,,,,,,,,,,Never Blocked,,
1093,A2CJFO19NY4T5R,https://gamma-requester.mturk.com/workers/A2CJFO19NY4T5R,1,1,100.00%,0,0,0.00%,0,0,0.00%,1,,,,,,,,,,,,,,,,100,,,,,,,,0,,0,,,,,,,,,,1,,Never Blocked,,
1094,A2CJGL29WKF7DK,https://gamma-requester.mturk.com/workers/A2CJGL29WKF7DK,2,2,100.00%,0,0,0.00%,0,0,0.00%,1,,,,,,,,,,,,,,,,100,,,,,,,,0,,0,,,,1,,1,,,,,,Never Blocked,,
1095,A2CJYS92WX7HN6,https://gamma-requester.mturk.com/workers/A2CJYS92WX7HN6,1,1,100.00%,0,0,0.00%,0,0,0.00%,1,,,,,,,,,,,,,,,,100,,,,,,,,0,,0,,,,,,,,,,1,,Never Blocked,,
1096,A2CK5XYQ3LX0RP,https://gamma-requester.mturk.com/workers/A2CK5XYQ3LX0RP,1,1,100.00%,0,0,0.00%,0,0,0.00%,,,,,,,,,,,,,,,,,,,,,,,,,,,,,,,,,,,,,,,Never Blocked,,
1097,A2CKWUMTSWIZZQ,https://gamma-requester.mturk.com/workers/A2CKWUMTSWIZZQ,1,1,100.00%,0,0,0.00%,0,0,0.00%,1,,,,,,,,,,,,,,,,100,,,,,,,,0,,0,,,,,,,,,,1,,Never Blocked,,
1098,A2CQP9DZSDUC5V,https://gamma-requester.mturk.com/workers/A2CQP9DZSDUC5V,1,1,100.00%,0,0,0.00%,0,0,0.00%,1,,,,,,,,,,,,,,,,100,,,,,,,,0,,0,,,,,,1,,,,,,Never Blocked,,
1099,A2CSGR33WTRXO0,https://gamma-requester.mturk.com/workers/A2CSGR33WTRXO0,1,1,100.00%,0,0,0.00%,0,0,0.00%,1,,,,,,,,,,,,,,,,100,,,,,,,,0,,0,,,,,,,,,,1,,Never Blocked,,
1100,A2CSTY2MMJSIN5,https://gamma-requester.mturk.com/workers/A2CSTY2MMJSIN5,1,1,100.00%,0,0,0.00%,0,0,0.00%,1,,,,,,,,,,,,,,,,100,,,,,,,,0,,0,,,,,,,,,,1,,Never Blocked,,
1101,A2CTBAHECDQSIX,https://gamma-requester.mturk.com/workers/A2CTBAHECDQSIX,1,1,100.00%,0,0,0.00%,0,0,0.00%,,,,,,,,,1,,,,,,,,1,,,,,,,,,,,,,,,,,,,,,,Never Blocked,,
1102,A2CTQGFM7ZWNYY,https://gamma-requester.mturk.com/workers/A2CTQGFM7ZWNYY,1,1,100.00%,0,0,0.00%,0,0,0.00%,,,,,,,,,,,,,,,,,,,,,,,,,,,,,,,,,,,,,,,Never Blocked,,
1103,A2CWA5VQZ6IWMQ,https://gamma-requester.mturk.com/workers/A2CWA5VQZ6IWMQ,1,1,100.00%,0,0,0.00%,0,0,0.00%,1,,,,,,,,,,,,,,,,100,,,,,,,,0,,0,,,,,,,,,,1,,Never Blocked,,
1104,A2CXF9V4KEA8AW,https://gamma-requester.mturk.com/workers/A2CXF9V4KEA8AW,2,2,100.00%,0,0,0.00%,0,0,0.00%,,,,,,,,,1,,,,,,,,1,,,,,,,,,,,,,,,,,,,,,,Never Blocked,,
1105,A2CY1TSQ3KKP5Q,https://gamma-requester.mturk.com/workers/A2CY1TSQ3KKP5Q,1,1,100.00%,0,0,0.00%,0,0,0.00%,1,,,,,,,,,,,,,,,,100,,,,,,,,0,,0,,,,,,,,,,,,Never Blocked,,
1106,A2CZ5PS567SA10,https://gamma-requester.mturk.com/workers/A2CZ5PS567SA10,4,4,100.00%,0,0,0.00%,0,0,0.00%,,,,,,,,,,,,,,,1,,,,,,1,,1,,,,,,,,,,,,,,,,Never Blocked,,
1107,A2CZ8O9PGNTC2L,https://gamma-requester.mturk.com/workers/A2CZ8O9PGNTC2L,1,1,100.00%,0,0,0.00%,0,0,0.00%,,,,,,,,,,,,,,,,,,,,,,,,,,,,,,,,,,,1,,,,Never Blocked,,
1108,A2D05J2CGBANHB,https://gamma-requester.mturk.com/workers/A2D05J2CGBANHB,2,2,100.00%,0,0,0.00%,0,0,0.00%,,,,,,,,,1,,,,,,,,1,,,,,,,,,,,,,,,,,,,,,,Never Blocked,,
1109,A2D0AXWV0BXA7P,https://gamma-requester.mturk.com/workers/A2D0AXWV0BXA7P,1,1,100.00%,0,0,0.00%,0,0,0.00%,1,,,,,,,,,,,,,,,,100,,,,,,,,0,,0,,,,,,1,,,,,,Never Blocked,,
1110,A2D70C0LG6MJH9,https://gamma-requester.mturk.com/workers/A2D70C0LG6MJH9,3,3,100.00%,0,0,0.00%,0,0,0.00%,1,,,,,,,,,,,,,,,,100,,,,,,,,0,,0,,1,,1,,1,,,,,,Never Blocked,,
1111,A2D7FKNZEVGQFJ,https://gamma-requester.mturk.com/workers/A2D7FKNZEVGQFJ,0,0,0.00%,0,0,0.00%,0,0,0.00%,,,,,,,,,,,,,,,,,,,,,,,,,,,,,,,,,,,,,,,Never Blocked,,
1112,A2D9E07Q323OGG,https://gamma-requester.mturk.com/workers/A2D9E07Q323OGG,1,1,100.00%,0,0,0.00%,0,0,0.00%,1,,,,,,,,,,,,,,,,100,,,,,,,,0,,0,,,,,,,,,,1,,Never Blocked,,
1113,A2DFSLUXNR2HDC,https://gamma-requester.mturk.com/workers/A2DFSLUXNR2HDC,1,1,100.00%,0,0,0.00%,0,0,0.00%,1,,,,,,,,,,,,,,,,100,,,,,,,,0,,0,,,,,,,,,,1,,Never Blocked,,
1114,A2DGBPX9UOQC54,https://gamma-requester.mturk.com/workers/A2DGBPX9UOQC54,1,1,100.00%,1,1,100.00%,0,0,0.00%,,,,,,,,,,,,,1,,,,,,,,,,,,,,,,,,,,,,,,,,Never Blocked,,
1115,A2DK8IOANCNDR3,https://gamma-requester.mturk.com/workers/A2DK8IOANCNDR3,1,0,0.00%,0,0,0.00%,0,0,0.00%,,,,,,,,,,,,,,,,,,,,,,,,,,,,,,,,,,,,,,,Never Blocked,,
1116,A2DKENF47715FE,https://gamma-requester.mturk.com/workers/A2DKENF47715FE,2,2,100.00%,0,0,0.00%,0,0,0.00%,1,,,,,,,,,,,,,,,,100,,,,,,,,0,,0,,,,,,1,,,,,,Never Blocked,,
1117,A2DM8RFS86D7ZK,https://gamma-requester.mturk.com/workers/A2DM8RFS86D7ZK,2,2,100.00%,0,0,0.00%,0,0,0.00%,,,,,,,,,1,,,,,,,,1,,,,,,,,,,,,,,,,,,,,,,Never Blocked,,
1118,A2DRJL37OEZ3B9,https://gamma-requester.mturk.com/workers/A2DRJL37OEZ3B9,2,2,100.00%,0,0,0.00%,0,0,0.00%,,,,,,,,,,,,,,,,,,,,,1,,,,,,,,,,,,,,,,,,Never Blocked,,
1119,A2DUM57VSJIV4D,https://gamma-requester.mturk.com/workers/A2DUM57VSJIV4D,3,3,100.00%,0,0,0.00%,0,0,0.00%,1,,,,,,,,,,,,,,,,100,,,,,,,,0,,0,,1,,1,,1,,,,,,Never Blocked,,
1120,A2DVIKO21ME29J,https://gamma-requester.mturk.com/workers/A2DVIKO21ME29J,1,1,100.00%,0,0,0.00%,0,0,0.00%,1,,,,,,,,,,,,,,,,100,,,,,,,,0,,0,,,,,,,,,,,,Never Blocked,,
1121,A2DVT1QU9ZKVQB,https://gamma-requester.mturk.com/workers/A2DVT1QU9ZKVQB,3,3,100.00%,0,0,0.00%,0,0,0.00%,1,,,,,,,,,,,,,,,,100,,,,,,,,0,,0,,1,,1,,1,,,,,,Never Blocked,,
1122,A2DVXVQHR2FYZZ,https://gamma-requester.mturk.com/workers/A2DVXVQHR2FYZZ,5,5,100.00%,0,0,0.00%,0,0,0.00%,1,,,,,,,,,,,,,,,,100,,,,,,,,1,,1,,1,,1,,1,,,,,,Never Blocked,,
1123,A2DX27FIUVZYB5,https://gamma-requester.mturk.com/workers/A2DX27FIUVZYB5,2,2,100.00%,0,0,0.00%,0,0,0.00%,,,,,,,,,,,,,,,,,,,,,1,,,,,,,,,,,,,,,,,,Never Blocked,,
1124,A2E2Z8O95QL3IV,https://gamma-requester.mturk.com/workers/A2E2Z8O95QL3IV,0,0,0.00%,0,0,0.00%,0,0,0.00%,,,,,,,,,,,,,,1,,,,,,,,,,,,,,,,,,,,,,,,,Never Blocked,,
1125,A2E66I0J1KNCN1,https://gamma-requester.mturk.com/workers/A2E66I0J1KNCN1,4,4,100.00%,0,0,0.00%,0,0,0.00%,1,,,,,,,,,,,,,,,,100,,,,,,,,0,,1,,1,,1,,1,,,,,,Never Blocked,,
1126,A2EAG7GTY8UUMI,https://gamma-requester.mturk.com/workers/A2EAG7GTY8UUMI,0,0,0.00%,0,0,0.00%,0,0,0.00%,,,,,,,,,,,,,,1,,,,,,,,,,,,,,,,,,,,,,,,,Never Blocked,,
1127,A2EELTS09HUTSF,https://gamma-requester.mturk.com/workers/A2EELTS09HUTSF,1,1,100.00%,0,0,0.00%,0,0,0.00%,1,,,,,,,,,,,,,,,,100,,,,,,,,0,,0,,,,,,,,,,,,Never Blocked,,
1128,A2EFMN1AFPRCL,https://gamma-requester.mturk.com/workers/A2EFMN1AFPRCL,1,1,100.00%,0,0,0.00%,0,0,0.00%,,,,,,,,,,,,,,,,,1,,,,,,,,,,,,,,,,,,,,,,Never Blocked,,
1129,A2EJ06OGI9671Q,https://gamma-requester.mturk.com/workers/A2EJ06OGI9671Q,1,1,100.00%,0,0,0.00%,0,0,0.00%,1,,,,,,,,,,,,,,,,100,,,,,,,,0,,0,,,,,,,,,,1,,Never Blocked,,
1130,A2EKR2ZFO10VMV,https://gamma-requester.mturk.com/workers/A2EKR2ZFO10VMV,1,1,100.00%,0,0,0.00%,0,0,0.00%,1,,,,,,,,,,,,,,,,100,,,,,,,,0,,0,,,,,,,,,,1,,Never Blocked,,
1131,A2EPDNDLSIOE8F,https://gamma-requester.mturk.com/workers/A2EPDNDLSIOE8F,1,1,100.00%,0,0,0.00%,0,0,0.00%,1,,,,,,,,,,,,,,,,100,,,,,,,,0,,0,,,,,,,,,,1,,Never Blocked,,
1132,A2ESARV89B5X2F,https://gamma-requester.mturk.com/workers/A2ESARV89B5X2F,1,1,100.00%,0,0,0.00%,0,0,0.00%,1,,,,,,,,,,,,,,,,100,,,,,,,,0,,0,,,,,,,,,,1,,Never Blocked,,
1133,A2EVO0JF0V6Q1,https://gamma-requester.mturk.com/workers/A2EVO0JF0V6Q1,1,1,100.00%,0,0,0.00%,0,0,0.00%,,,,,,,,,,,,,,,,,100,,,,,,,,,,,,,,,,,,1,,,,Never Blocked,,
1134,A2EW5HHCIFSODL,https://gamma-requester.mturk.com/workers/A2EW5HHCIFSODL,1,1,100.00%,0,0,0.00%,0,0,0.00%,1,,,,,,,,,,,,,,,,100,,,,,,,,0,,0,,,,,,,,,,1,,Never Blocked,,
1135,A2EX19ML8PJWIR,https://gamma-requester.mturk.com/workers/A2EX19ML8PJWIR,1,1,100.00%,0,0,0.00%,0,0,0.00%,1,,,,,,,,,,,,,,,,100,,,,,,,,0,,0,,,,,,,,,,,,Never Blocked,,
1136,A2EZ5YR6PJ6XX0,https://gamma-requester.mturk.com/workers/A2EZ5YR6PJ6XX0,1,1,100.00%,0,0,0.00%,0,0,0.00%,,,,,,,,,,,,,,,,,100,,,,,,,,,,,,,,,,,,,,,,Never Blocked,,
1137,A2EZB41QENZZJ9,https://gamma-requester.mturk.com/workers/A2EZB41QENZZJ9,1,1,100.00%,0,0,0.00%,0,0,0.00%,,,,,,,,,,,,,,,,,1,,,,,,,,,,,,,,,,,,,,,,Never Blocked,,
1138,A2F0R8ODVFHP0C,https://gamma-requester.mturk.com/workers/A2F0R8ODVFHP0C,1,1,100.00%,0,0,0.00%,0,0,0.00%,1,,,,,,,,,,,,,,,,100,,,,,,,,0,,0,,,,,,,,,,1,,Never Blocked,,
1139,A2F1JQAQ1WHYEU,https://gamma-requester.mturk.com/workers/A2F1JQAQ1WHYEU,1,1,100.00%,0,0,0.00%,0,0,0.00%,1,,,,,,,,,,,,,,,,100,,,,,,,,0,,0,,,,,,,,,,,,Never Blocked,,
1140,A2F1VHQORMF0OK,https://gamma-requester.mturk.com/workers/A2F1VHQORMF0OK,3,3,100.00%,0,0,0.00%,0,0,0.00%,1,,,,,,,,,,,,,,,,100,,,,,,,,0,,0,,1,,1,,1,,,,,,Never Blocked,,
1141,A2F2DDH12YU4AK,https://gamma-requester.mturk.com/workers/A2F2DDH12YU4AK,1,1,100.00%,0,0,0.00%,0,0,0.00%,1,,,,,,,,,,,,,,,,100,,,,,,,,0,,0,,,,,,,,,,1,,Never Blocked,,
1142,A2F2JW30D1348R,https://gamma-requester.mturk.com/workers/A2F2JW30D1348R,2,2,100.00%,0,0,0.00%,0,0,0.00%,,,,,,,,,,,,,,,1,,,,,,,,1,,,,,,,,,,,,,,,,Never Blocked,,
1143,A2F48NO7AD9VKK,https://gamma-requester.mturk.com/workers/A2F48NO7AD9VKK,2,2,100.00%,0,0,0.00%,0,0,0.00%,,,,,,,,,,,,,,,1,,,,,,,,1,,,,,,,,,,,,,,,,Never Blocked,,
1144,A2F8NXRMUUV7J5,https://gamma-requester.mturk.com/workers/A2F8NXRMUUV7J5,2,2,100.00%,0,0,0.00%,0,0,0.00%,,,,,,,,,,,,,,,1,,,,,,,,1,,,,,,,,,,,,,,,,Never Blocked,,
1145,A2FAAOGWUTTTF5,https://gamma-requester.mturk.com/workers/A2FAAOGWUTTTF5,1,1,100.00%,0,0,0.00%,0,0,0.00%,,,,,,,,,,,,,,1,,,100,,,,,,,,,,,,,,,,,,,,,,Never Blocked,,
1146,A2FE6HDHREXIJ5,https://gamma-requester.mturk.com/workers/A2FE6HDHREXIJ5,1,1,100.00%,0,0,0.00%,0,0,0.00%,1,,,,,,,,,,,,,,,,100,,,,,,,,0,,0,,,,,,,,,,,,Never Blocked,,
1147,A2FFCQ9WU6R764,https://gamma-requester.mturk.com/workers/A2FFCQ9WU6R764,2,2,100.00%,0,0,0.00%,0,0,0.00%,,,,,,,,,,,,,,,,,1,,,,,,,,,,,,,,,,,,,,,,Never Blocked,,
1148,A2FHL7AZL2YUY2,https://gamma-requester.mturk.com/workers/A2FHL7AZL2YUY2,1,1,100.00%,0,0,0.00%,0,0,0.00%,,,,,,,,,,,,,,,1,,,,,,,,,,,,,,,,,,,,,,,,Never Blocked,,
1149,A2FMEIDYEIWJA8,https://gamma-requester.mturk.com/workers/A2FMEIDYEIWJA8,1,1,100.00%,0,0,0.00%,0,0,0.00%,1,,,,,,,,,,,,,,,,100,,,,,,,,0,,0,,,,,,,,,,1,,Never Blocked,,
1150,A2FO6J0H70OW05,https://gamma-requester.mturk.com/workers/A2FO6J0H70OW05,1,1,100.00%,0,0,0.00%,0,0,0.00%,1,,,,,,,,,,,,,,,,100,,,,,,,,0,,0,,,,,,1,,,,,,Never Blocked,,
1151,A2FOUSWQDYHIE0,https://gamma-requester.mturk.com/workers/A2FOUSWQDYHIE0,1,1,100.00%,0,0,0.00%,0,0,0.00%,1,,,,,,,,,,,,,,,,100,,,,,,,,0,,0,,,,,,,,,,,,Never Blocked,,
1152,A2FOYHZ7HOFKBI,https://gamma-requester.mturk.com/workers/A2FOYHZ7HOFKBI,1,1,100.00%,0,0,0.00%,0,0,0.00%,1,,,,,,,,,,,,,,,,100,,,,,,,,0,,0,,,,,,,,,,1,,Never Blocked,,
1153,A2FP41BSPG0Y4A,https://gamma-requester.mturk.com/workers/A2FP41BSPG0Y4A,1,1,100.00%,0,0,0.00%,0,0,0.00%,1,,,,,,,,,,,,,,,,100,,,,,,,,0,,0,,,,,,,,,,1,,Never Blocked,,
1154,A2FQBH7RXRP168,https://gamma-requester.mturk.com/workers/A2FQBH7RXRP168,1,1,100.00%,1,1,100.00%,0,0,0.00%,,,,,,,,,,,,,1,,,,,,,,,,,,,,,,,,,,,,,,,,Never Blocked,,
1155,A2FQVRBXJZQAWT,https://gamma-requester.mturk.com/workers/A2FQVRBXJZQAWT,1,1,100.00%,0,0,0.00%,0,0,0.00%,,,,,,,,,,,,,,,,,1,,,,,,,,,,,,,,,,,,,,,,Never Blocked,,
1156,A2FREFX5AGACUZ,https://gamma-requester.mturk.com/workers/A2FREFX5AGACUZ,3,3,100.00%,0,0,0.00%,0,0,0.00%,,,,,,,,,,,,,,,1,,,,,,,,1,,,,,,,,,,,,,,,,Never Blocked,,
1157,A2FWXRH1MCY19,https://gamma-requester.mturk.com/workers/A2FWXRH1MCY19,1,1,100.00%,0,0,0.00%,0,0,0.00%,1,,,,,,,,,,,,,,,,100,,,,,,,,0,,0,,,,,,,,,,1,,Never Blocked,,
1158,A2FXYZE13N65FJ,https://gamma-requester.mturk.com/workers/A2FXYZE13N65FJ,1,1,100.00%,0,0,0.00%,0,0,0.00%,1,,,,,,,,,,,,,,,,100,,,,,,,,0,,0,,,,,,,,,,1,,Never Blocked,,
1159,A2FYFCD16Z3PCC,https://gamma-requester.mturk.com/workers/A2FYFCD16Z3PCC,1,1,100.00%,0,0,0.00%,0,0,0.00%,1,,,,,,,,,,,,,,,,100,,,,,,,,0,,0,,,,,,,,,,1,,Never Blocked,,
1160,A2FYQIZWV2UJHS,https://gamma-requester.mturk.com/workers/A2FYQIZWV2UJHS,1,1,100.00%,0,0,0.00%,0,0,0.00%,1,,,,,,,,,,,,,,,,100,,,,,,,,0,,0,,,,,,,,,,,,Never Blocked,,
1161,A2G7DTL156PTKA,https://gamma-requester.mturk.com/workers/A2G7DTL156PTKA,1,1,100.00%,0,0,0.00%,0,0,0.00%,1,,,,,,,,,,,,,,,,100,,,,,,,,0,,0,,,,,,,,,,1,,Never Blocked,,
1162,A2G7N0X0PNX0EE,https://gamma-requester.mturk.com/workers/A2G7N0X0PNX0EE,1,1,100.00%,0,0,0.00%,0,0,0.00%,1,,,,,,,,,,,,,,,,100,,,,,,,,0,,0,,,,,,,,,,,,Never Blocked,,
1163,A2GBNP07T7QEN3,https://gamma-requester.mturk.com/workers/A2GBNP07T7QEN3,1,1,100.00%,0,0,0.00%,0,0,0.00%,1,,,,,,,,,,,,,,,,100,,,,,,,,0,,0,,,,,,1,,,,,,Never Blocked,,
1164,A2GDXQGEQT8RJJ,https://gamma-requester.mturk.com/workers/A2GDXQGEQT8RJJ,1,1,100.00%,0,0,0.00%,0,0,0.00%,1,,,,,,,,,,,,,,,,100,,,,,,,,0,,0,,,,,,,,,,,,Never Blocked,,
1165,A2GE831IS8US6K,https://gamma-requester.mturk.com/workers/A2GE831IS8US6K,1,1,100.00%,0,0,0.00%,0,0,0.00%,,,,,,,,,,,,,,,,,,,,,,,,,,,,,,,,,,,,,,,Never Blocked,,
1166,A2GHME4F11G828,https://gamma-requester.mturk.com/workers/A2GHME4F11G828,1,1,100.00%,0,0,0.00%,0,0,0.00%,1,,,,,,,,,,,,,,,,100,,,,,,,,0,,0,,,,,,,,,,,,Never Blocked,,
1167,A2GHR1O7V11GD5,https://gamma-requester.mturk.com/workers/A2GHR1O7V11GD5,1,1,100.00%,0,0,0.00%,0,0,0.00%,1,,,,,,,,,,,,,,,,100,,,,,,,,0,,0,,,,,,,,,,,,Never Blocked,,
1168,A2GIT09BQEUM9M,https://gamma-requester.mturk.com/workers/A2GIT09BQEUM9M,2,2,100.00%,0,0,0.00%,0,0,0.00%,1,,,,,,,,,,,,,,,,100,,,,,,,,0,,0,,,,,,,,,,,,Never Blocked,,
1169,A2GJYB46FWIB5Q,https://gamma-requester.mturk.com/workers/A2GJYB46FWIB5Q,1,1,100.00%,0,0,0.00%,0,0,0.00%,1,,,,,,,,,,,,,,,,100,,,,,,,,0,,0,,,,,,,,,,1,,Never Blocked,,
1170,A2GM5BW75YCKKW,https://gamma-requester.mturk.com/workers/A2GM5BW75YCKKW,1,1,100.00%,0,0,0.00%,0,0,0.00%,1,,,,,,,,,,,,,,,,100,,,,,,,,0,,0,,,,,,,,,,,,Never Blocked,,
1171,A2GO0EY5FW18AG,https://gamma-requester.mturk.com/workers/A2GO0EY5FW18AG,1,1,100.00%,0,0,0.00%,0,0,0.00%,1,,,,,,,,,,,,,,,,100,,,,,,,,0,,0,,,,,,,,,,,,Never Blocked,,
1172,A2GOMJYR58XO5H,https://gamma-requester.mturk.com/workers/A2GOMJYR58XO5H,1,1,100.00%,0,0,0.00%,0,0,0.00%,,,,,,,,,,,,,,,,,,,,,,,,,,,,,,,,,,,,,,,Never Blocked,,
1173,A2GOYSTIL3LOV1,https://gamma-requester.mturk.com/workers/A2GOYSTIL3LOV1,1,1,100.00%,0,0,0.00%,0,0,0.00%,,,,,,,,,,,,,,,,,,,,,,,,,,,,,,,,,,,,,,,Never Blocked,,
1174,A2GU2ZL3AIAE2F,https://gamma-requester.mturk.com/workers/A2GU2ZL3AIAE2F,2,2,100.00%,0,0,0.00%,0,0,0.00%,1,,,,,,,,,,,,,,,,100,,,,,,,,0,,0,,,,,,1,,,,,,Never Blocked,,
1175,A2GUSVGAKNEGQF,https://gamma-requester.mturk.com/workers/A2GUSVGAKNEGQF,4,4,100.00%,0,0,0.00%,0,0,0.00%,,,,,,,,,,,1,,,,,,1,,,,1,,,,,,,,,,,,,,,,,,Never Blocked,,
1176,A2GVYW8G83S0BD,https://gamma-requester.mturk.com/workers/A2GVYW8G83S0BD,1,1,100.00%,0,0,0.00%,0,0,0.00%,,,,,,,,,,,,,,,,,100,,,,,,,,,,,,,,,,,,,,,,Never Blocked,,
1177,A2GYZK79RQAH4I,https://gamma-requester.mturk.com/workers/A2GYZK79RQAH4I,1,1,100.00%,0,0,0.00%,0,0,0.00%,,,,,,,,,,,,,,,,,,,,,,,,,,,,,,,,,,,1,,,,Never Blocked,,
1178,A2H26V03AYCIYC,https://gamma-requester.mturk.com/workers/A2H26V03AYCIYC,1,1,100.00%,0,0,0.00%,0,0,0.00%,1,,,,,,,,,,,,,,,,100,,,,,,,,0,,0,,,,,,,,,,,,Never Blocked,,
1179,A2H2LZ4IXR4RUY,https://gamma-requester.mturk.com/workers/A2H2LZ4IXR4RUY,1,1,100.00%,0,0,0.00%,0,0,0.00%,1,,,,,,,,,,,,,,,,100,,,,,,,,0,,0,,,,,,,,,,1,,Never Blocked,,
1180,A2H3E8G9JVB3I9,https://gamma-requester.mturk.com/workers/A2H3E8G9JVB3I9,1,0,0.00%,0,0,0.00%,0,0,0.00%,,,,,,,,,,,,,,,,,,,,,,,,,,,,,,,,,,,,,,,Never Blocked,,
1181,A2H557RQ3T3LPX,https://gamma-requester.mturk.com/workers/A2H557RQ3T3LPX,3,3,100.00%,0,0,0.00%,0,0,0.00%,1,,,,,,,,,,,,,,,,100,,,,,,,,0,,0,,1,,1,,1,,,,,,Never Blocked,,
1182,A2H6BB8CHWX5MA,https://gamma-requester.mturk.com/workers/A2H6BB8CHWX5MA,1,1,100.00%,0,0,0.00%,0,0,0.00%,1,,,,,,,,,,,,,,,,100,,,,,,,,0,,0,,,,,,,,,,1,,Never Blocked,,
1183,A2H6BC49JG0TRK,https://gamma-requester.mturk.com/workers/A2H6BC49JG0TRK,1,1,100.00%,0,0,0.00%,0,0,0.00%,,,,,,,,,,,1,,,,,,1,,,,,,,,,,,,,,,,,,,,,,Never Blocked,,
1184,A2H7V450BS0RQS,https://gamma-requester.mturk.com/workers/A2H7V450BS0RQS,1,1,100.00%,0,0,0.00%,0,0,0.00%,1,,,,,,,,,,,,,,,,100,,,,,,,,0,,0,,,,,,,,,,1,,Never Blocked,,
1185,A2H8HVANGF4A58,https://gamma-requester.mturk.com/workers/A2H8HVANGF4A58,1,1,100.00%,0,0,0.00%,0,0,0.00%,1,,,,,,,,,,,,,,,,100,,,,,,,,0,,0,,,,,,,,,,1,,Never Blocked,,
1186,A2HAEJBQ5Z0QG1,https://gamma-requester.mturk.com/workers/A2HAEJBQ5Z0QG1,1,1,100.00%,1,1,100.00%,1,1,100.00%,,,,,,,,,,,,,1,,,,,,,,,,,,,,,,,,,,,,,,,,Never Blocked,,
1187,A2HAP8SUY3WYKR,https://gamma-requester.mturk.com/workers/A2HAP8SUY3WYKR,2,2,100.00%,0,0,0.00%,0,0,0.00%,1,,,,,,,,,,,,,,,,100,,,,,,,,0,,0,,,,,,,,,,,,Never Blocked,,
1188,A2HBCXAK9A7A8D,https://gamma-requester.mturk.com/workers/A2HBCXAK9A7A8D,2,2,100.00%,1,1,100.00%,1,1,100.00%,,,,,,,,,,,,,1,,1,,,,,,,,,,,,,,,,,,,,,,,,Never Blocked,,
1189,A2HG1N3BVQO6I,https://gamma-requester.mturk.com/workers/A2HG1N3BVQO6I,1,1,100.00%,0,0,0.00%,0,0,0.00%,1,,,,,,,,,,,,,,,,100,,,,,,,,0,,0,,,,,,1,,,,,,Never Blocked,,
1190,A2HGETLDQKWF1O,https://gamma-requester.mturk.com/workers/A2HGETLDQKWF1O,3,3,100.00%,0,0,0.00%,0,0,0.00%,,,,,,,1,,,,,,,,,,1,,,,,,,,,,,,,,,,,,1,,,,Never Blocked,,
1191,A2HGJV9XNBGTSZ,https://gamma-requester.mturk.com/workers/A2HGJV9XNBGTSZ,2,2,100.00%,0,0,0.00%,0,0,0.00%,1,,,,,,,,,,,,,,,,100,,,,,,,,0,,0,,,,,,,,,,,,Never Blocked,,
1192,A2HGZOXZ36XKRI,https://gamma-requester.mturk.com/workers/A2HGZOXZ36XKRI,4,4,100.00%,0,0,0.00%,0,0,0.00%,1,,,,,,,,,,,,,,,,100,,,,,,,,0,,1,,1,,1,,1,,,,,,Never Blocked,,
1193,A2HJ24KADG1P6A,https://gamma-requester.mturk.com/workers/A2HJ24KADG1P6A,1,1,100.00%,0,0,0.00%,0,0,0.00%,1,,,,,,,,,,,,,,,,100,,,,,,,,0,,0,,,,,,,,,,1,,Never Blocked,,
1194,A2HJDLSU95MH8Q,https://gamma-requester.mturk.com/workers/A2HJDLSU95MH8Q,1,1,100.00%,0,0,0.00%,0,0,0.00%,1,,,,,,,,,,,,,,,,100,,,,,,,,0,,0,,,,,,1,,,,,,Never Blocked,,
1195,A2HJKL3641S7R,https://gamma-requester.mturk.com/workers/A2HJKL3641S7R,1,1,100.00%,0,0,0.00%,0,0,0.00%,,,,,,,,,,,,,,,,,100,,,,,,,,,,,,,,,,,,,,,,Never Blocked,,
1196,A2HKVA03AVZRU2,https://gamma-requester.mturk.com/workers/A2HKVA03AVZRU2,1,1,100.00%,0,0,0.00%,0,0,0.00%,,,,,,,,,,,,,,,1,,,,,,,,,,,,,,,,,,,,,,,,Never Blocked,,
1197,A2HNLXQPYBTD31,https://gamma-requester.mturk.com/workers/A2HNLXQPYBTD31,1,1,100.00%,0,0,0.00%,0,0,0.00%,1,,,,,,,,,,,,,,,,100,,,,,,,,0,,0,,,,,,,,,,1,,Never Blocked,,
1198,A2HR7ZIX42FEPG,https://gamma-requester.mturk.com/workers/A2HR7ZIX42FEPG,1,1,100.00%,0,0,0.00%,0,0,0.00%,1,,,,,,,,,,,,,,,,100,,,,,,,,0,,0,,,,,,,,,,,,Never Blocked,,
1199,A2HRUFTA09371Y,https://gamma-requester.mturk.com/workers/A2HRUFTA09371Y,1,1,100.00%,0,0,0.00%,0,0,0.00%,1,,,,,,,,,,,,,,,,100,,,,,,,,0,,0,,,,,,,,,,1,,Never Blocked,,
1200,A2HUM296PJFRZ7,https://gamma-requester.mturk.com/workers/A2HUM296PJFRZ7,1,1,100.00%,0,0,0.00%,0,0,0.00%,1,,,,,,,,,,,,,,,,100,,,,,,,,0,,0,,,,,,,,,,1,,Never Blocked,,
1201,A2HY7GQ07YIZTT,https://gamma-requester.mturk.com/workers/A2HY7GQ07YIZTT,1,1,100.00%,0,0,0.00%,0,0,0.00%,,,,,,,,,,,,,,,,,1,,,,,,,,,,,,,,,,,,,,,,Never Blocked,,
1202,A2I3CWUR5IDYY7,https://gamma-requester.mturk.com/workers/A2I3CWUR5IDYY7,1,1,100.00%,0,0,0.00%,0,0,0.00%,1,,,,,,,,,,,,,,,,100,,,,,,,,0,,0,,,,,,1,,,,,,Never Blocked,,
1203,A2I3TPHOYWPB3X,https://gamma-requester.mturk.com/workers/A2I3TPHOYWPB3X,1,1,100.00%,0,0,0.00%,0,0,0.00%,1,,,,,,,,,,,,,,,,100,,,,,,,,0,,0,,,,,,,,,,,,Never Blocked,,
1204,A2I3WRG5QJCHFT,https://gamma-requester.mturk.com/workers/A2I3WRG5QJCHFT,3,3,100.00%,0,0,0.00%,0,0,0.00%,1,,,,,,,,,,,,,,,,100,,,,,,,,0,,0,,1,,1,,1,,,,,,Never Blocked,,
1205,A2I43BDUPAM00C,https://gamma-requester.mturk.com/workers/A2I43BDUPAM00C,1,1,100.00%,0,0,0.00%,0,0,0.00%,1,,,,,,,,,,,,,,,,100,,,,,,,,0,,0,,,,,,,,,,1,,Never Blocked,,
1206,A2I4VNAS21FXCE,https://gamma-requester.mturk.com/workers/A2I4VNAS21FXCE,1,1,100.00%,0,0,0.00%,0,0,0.00%,1,,,,,,,,,,,,,,,,100,,,,,,,,0,,0,,,,,,1,,,,,,Never Blocked,,
1207,A2I6HVUDBTGD1,https://gamma-requester.mturk.com/workers/A2I6HVUDBTGD1,1,0,0.00%,0,0,0.00%,0,0,0.00%,,,,,,,,,,,,,,,,,1,,,,0,,,,,,,,,,,,,,,,,,Never Blocked,,
1208,A2I6ZALE49CVSC,https://gamma-requester.mturk.com/workers/A2I6ZALE49CVSC,2,2,100.00%,0,0,0.00%,0,0,0.00%,1,,,,,,1,,,,,,,,,,100,,,,,,,,0,,0,,,,,,,,,,1,,Never Blocked,,
1209,A2I8G3MBSRJWU2,https://gamma-requester.mturk.com/workers/A2I8G3MBSRJWU2,1,1,100.00%,0,0,0.00%,0,0,0.00%,,,,,,,,,,,,,,,,,1,,,,,,,,,,,,,,,,,,,,,,Never Blocked,,
1210,A2I8YALVTOJN49,https://gamma-requester.mturk.com/workers/A2I8YALVTOJN49,1,1,100.00%,0,0,0.00%,0,0,0.00%,1,,,,,,,,,,,,,,,,100,,,,,,,,0,,0,,,,,,,,,,,,Never Blocked,,
1211,A2I9BPKBUTYWTY,https://gamma-requester.mturk.com/workers/A2I9BPKBUTYWTY,1,1,100.00%,0,0,0.00%,0,0,0.00%,,,,,,,,,,,,,,,,,1,,,,,,,,,,,,,,,,,,,,,,Never Blocked,,
1212,A2IBTYRQIZX1N6,https://gamma-requester.mturk.com/workers/A2IBTYRQIZX1N6,1,1,100.00%,0,0,0.00%,0,0,0.00%,1,,,,,,,,,,,,,,,,100,,,,,,,,0,,0,,,,,,1,,,,,,Never Blocked,,
1213,A2IC5B7J5YKNOX,https://gamma-requester.mturk.com/workers/A2IC5B7J5YKNOX,1,1,100.00%,0,0,0.00%,0,0,0.00%,,,,,,,,,,,,,,,1,,,,,,,,1,,,,,,,,,,,,,,,,Never Blocked,,
1214,A2ICS8FOBVLLRP,https://gamma-requester.mturk.com/workers/A2ICS8FOBVLLRP,1,1,100.00%,0,0,0.00%,0,0,0.00%,,,,,,,,,,,1,,,,,,1,,,,,,,,,,,,,,,,,,,,,,Never Blocked,,
1215,A2ID2YX15N3IRM,https://gamma-requester.mturk.com/workers/A2ID2YX15N3IRM,1,1,100.00%,0,0,0.00%,0,0,0.00%,1,,,,,,,,,,,,,,,,100,,,,,,,,0,,0,,,,,,1,,,,,,Never Blocked,,
1216,A2IE8DCKR3GYIY,https://gamma-requester.mturk.com/workers/A2IE8DCKR3GYIY,1,1,100.00%,0,0,0.00%,0,0,0.00%,1,,,,,,,,,,,,,,,,100,,,,,,,,0,,0,,,,,,1,,,,,,Never Blocked,,
1217,A2IHXTGWRC8SVQ,https://gamma-requester.mturk.com/workers/A2IHXTGWRC8SVQ,1,1,100.00%,0,0,0.00%,0,0,0.00%,,,,,,,,,,,,,,,,,100,,,,,,,,,,,,,,,,,,,,,,Never Blocked,,
1218,A2IKREQJTG600B,https://gamma-requester.mturk.com/workers/A2IKREQJTG600B,1,1,100.00%,0,0,0.00%,0,0,0.00%,1,,,,,,,,,,,,,,,,100,,,,,,,,0,,0,,,,,,1,,,,,,Never Blocked,,
1219,A2IL04AOKB8WJR,https://gamma-requester.mturk.com/workers/A2IL04AOKB8WJR,1,1,100.00%,0,0,0.00%,0,0,0.00%,1,,,,,,,,,,,,,,,,100,,,,,,,,0,,0,,,,,,,,,,1,,Never Blocked,,
1220,A2ILUP6FN8HKKC,https://gamma-requester.mturk.com/workers/A2ILUP6FN8HKKC,1,1,100.00%,0,0,0.00%,0,0,0.00%,1,,,,,,,,,,,,,,,,100,,,,,,,,0,,0,,,,,,,,,,1,,Never Blocked,,
1221,A2INGGZW5GH6RM,https://gamma-requester.mturk.com/workers/A2INGGZW5GH6RM,1,1,100.00%,0,0,0.00%,0,0,0.00%,,,,,,,,,,,,,,,,,,,,,,,,,,,,,,,,,,,,,,,Never Blocked,,
1222,A2IOCAN84DFTZA,https://gamma-requester.mturk.com/workers/A2IOCAN84DFTZA,1,1,100.00%,0,0,0.00%,0,0,0.00%,1,,,,,,,,,,,,,,,,100,,,,,,,,0,,0,,,,,,,,,,1,,Never Blocked,,
1223,A2IOHBFHRC6LT4,https://gamma-requester.mturk.com/workers/A2IOHBFHRC6LT4,1,1,100.00%,0,0,0.00%,0,0,0.00%,1,,,,,,,,,,,,,,,,100,,,,,,,,0,,0,,,,,,1,,,,,,Never Blocked,,
1224,A2IP3ZAFYGV8M9,https://gamma-requester.mturk.com/workers/A2IP3ZAFYGV8M9,2,2,100.00%,0,0,0.00%,0,0,0.00%,,,,,,,,,,,,,,,,,,,,,1,,,,,,,,,,,,,,1,,,,Never Blocked,,
1225,A2IQ0QCTQ3KWLT,https://gamma-requester.mturk.com/workers/A2IQ0QCTQ3KWLT,3,3,100.00%,0,0,0.00%,0,0,0.00%,,,,,,,,,,,,,,,1,,1,,,,,,1,,,,,,,,,,,,1,,,,Never Blocked,,
1226,A2IRBZJJEB9P5E,https://gamma-requester.mturk.com/workers/A2IRBZJJEB9P5E,1,1,100.00%,0,0,0.00%,0,0,0.00%,1,,,,,,,,,,,,,,,,100,,,,,,,,0,,0,,,,,,,,,,1,,Never Blocked,,
1227,A2IRE8R7Y0A6RD,https://gamma-requester.mturk.com/workers/A2IRE8R7Y0A6RD,1,1,100.00%,0,0,0.00%,0,0,0.00%,,,,,,,,,,,,,,,,,1,,,,,,,,,,,,,,,,,,,,,,Never Blocked,,
1228,A2ISORHO0MLAXH,https://gamma-requester.mturk.com/workers/A2ISORHO0MLAXH,4,4,100.00%,0,0,0.00%,0,0,0.00%,1,,,,,,,,,,,,,,,,100,,,,,,,,0,,1,,1,,1,,1,,,,,,Never Blocked,,
1229,A2IVLRO164XH51,https://gamma-requester.mturk.com/workers/A2IVLRO164XH51,1,1,100.00%,0,0,0.00%,0,0,0.00%,1,,,,,,,,,,,,,,,,100,,,,,,,,0,,0,,,,,,,,,,,,Never Blocked,,
1230,A2J0HZ3WJYF8A9,https://gamma-requester.mturk.com/workers/A2J0HZ3WJYF8A9,1,1,100.00%,0,0,0.00%,0,0,0.00%,1,,,,,,,,,,,,,,,,100,,,,,,,,0,,0,,,,,,1,,,,,,Never Blocked,,
1231,A2J0IZ0GZQPAX9,https://gamma-requester.mturk.com/workers/A2J0IZ0GZQPAX9,1,1,100.00%,0,0,0.00%,0,0,0.00%,1,,,,,,,,,,,,,,,,100,,,,,,,,0,,0,,,,,,,,,,,,Never Blocked,,
1232,A2J1ANUL0BYKUK,https://gamma-requester.mturk.com/workers/A2J1ANUL0BYKUK,1,1,100.00%,0,0,0.00%,0,0,0.00%,1,,,,,,,,,,,,,,,,100,,,,,,,,0,,0,,,,,,,,,,,,Never Blocked,,
1233,A2J1DNVMJ56JG1,https://gamma-requester.mturk.com/workers/A2J1DNVMJ56JG1,2,2,100.00%,0,0,0.00%,0,0,0.00%,,,,,,,,,,,,,,,,,1,,,,1,,,,,,,,,,,,,,,,,,Never Blocked,,
1234,A2J4GCDXLDHYXX,https://gamma-requester.mturk.com/workers/A2J4GCDXLDHYXX,3,3,100.00%,0,0,0.00%,0,0,0.00%,,,,,,,,,,,,,,,1,,,,,,,,1,,,,,,,,,,,,,,,,Never Blocked,,
1235,A2J57IBR2XIWLS,https://gamma-requester.mturk.com/workers/A2J57IBR2XIWLS,2,2,100.00%,0,0,0.00%,0,0,0.00%,,,,,,,,,1,,,,,,,,1,,,,,,,,,,,,,,,,,,,,,,Never Blocked,,
1236,A2J6S7QR4CGXTW,https://gamma-requester.mturk.com/workers/A2J6S7QR4CGXTW,5,5,100.00%,0,0,0.00%,0,0,0.00%,1,,,,,,,,,,,,,,,,100,,,,,,,,1,,1,,1,,1,,1,,,,,,Never Blocked,,
1237,A2J9NFY45NKR2N,https://gamma-requester.mturk.com/workers/A2J9NFY45NKR2N,2,2,100.00%,0,0,0.00%,0,0,0.00%,,,,,,,,,,,,,,,1,,,,,,,,1,,,,,,,,,,,,,,,,Never Blocked,,
1238,A2JDYN6QM8M5UN,https://gamma-requester.mturk.com/workers/A2JDYN6QM8M5UN,1,1,100.00%,1,1,100.00%,0,0,0.00%,,,,,,,,,,,,,1,,,,,,,,,,,,,,,,,,,,,,,,,,Never Blocked,,
1239,A2JEO9327UXAQ4,https://gamma-requester.mturk.com/workers/A2JEO9327UXAQ4,1,1,100.00%,0,0,0.00%,0,0,0.00%,,,,,,,,,,,,,,,1,,,,,,,,1,,,,,,,,,,,,,,,,Never Blocked,,
1240,A2JGO9YCQFQ8CF,https://gamma-requester.mturk.com/workers/A2JGO9YCQFQ8CF,1,1,100.00%,1,1,100.00%,0,0,0.00%,,,,,,,,,,,,,1,,,,,,,,,,,,,,,,,,,,,,,,,,Never Blocked,,
1241,A2JI5RNPPXE8QE,https://gamma-requester.mturk.com/workers/A2JI5RNPPXE8QE,1,1,100.00%,0,0,0.00%,0,0,0.00%,1,,,,,,,,,,,,,,,,100,,,,,,,,0,,0,,,,,,,,,,,,Never Blocked,,
1242,A2JLNOYPVW7W4V,https://gamma-requester.mturk.com/workers/A2JLNOYPVW7W4V,2,2,100.00%,0,0,0.00%,0,0,0.00%,,,,,,,,,,,,,,,,,100,,,,,,,,,,,,,,,,,,,,,,Never Blocked,,
1243,A2JM9K709T1M0G,https://gamma-requester.mturk.com/workers/A2JM9K709T1M0G,1,1,100.00%,0,0,0.00%,0,0,0.00%,1,,,,,,,,,,,,,,,,100,,,,,,,,0,,0,,,,,,,,,,,,Never Blocked,,
1244,A2JNNLFP2Q0YZM,https://gamma-requester.mturk.com/workers/A2JNNLFP2Q0YZM,1,1,100.00%,0,0,0.00%,0,0,0.00%,1,,,,,,,,,,,,,,,,100,,,,,,,,0,,0,,,,,,1,,,,,,Never Blocked,,
1245,A2JP9IKRHNLRPI,https://gamma-requester.mturk.com/workers/A2JP9IKRHNLRPI,1,1,100.00%,0,0,0.00%,0,0,0.00%,1,,,,,,,,,,,,,,,,100,,,,,,,,0,,0,,,,,,,,,,1,,Never Blocked,,
1246,A2JQ5M7U6BRDL9,https://gamma-requester.mturk.com/workers/A2JQ5M7U6BRDL9,1,1,100.00%,0,0,0.00%,0,0,0.00%,1,,,,,,,,,,,,,,,,100,,,,,,,,0,,0,,,,,,,,,,1,,Never Blocked,,
1247,A2JSEE7VUR4Z04,https://gamma-requester.mturk.com/workers/A2JSEE7VUR4Z04,1,1,100.00%,0,0,0.00%,0,0,0.00%,1,,,,,,,,,,,,,,,,100,,,,,,,,0,,0,,,,,,1,,,,,,Never Blocked,,
1248,A2JSRJ8KAUT5B5,https://gamma-requester.mturk.com/workers/A2JSRJ8KAUT5B5,1,1,100.00%,0,0,0.00%,0,0,0.00%,,,,,,,,,,,,,,,,,,,,,,,,,,,,,,,,,,,1,,,,Never Blocked,,
1249,A2JUD8Y832GI2G,https://gamma-requester.mturk.com/workers/A2JUD8Y832GI2G,1,1,100.00%,0,0,0.00%,0,0,0.00%,,,,,,,,,,,,,,,,,1,,,,,,,,,,,,,,,,,,,,,,Never Blocked,,
1250,A2K2TRMUY4UJWW,https://gamma-requester.mturk.com/workers/A2K2TRMUY4UJWW,5,5,100.00%,0,0,0.00%,0,0,0.00%,1,,,,,,,,,,,,,,,,100,,,,,,,,1,,1,,1,,1,,1,,,,,,Never Blocked,,
1251,A2K3S7M6GPK5U,https://gamma-requester.mturk.com/workers/A2K3S7M6GPK5U,0,0,0.00%,0,0,0.00%,0,0,0.00%,,,,,,,,,,,,,,1,,,,,,,,,,,,,,,,,,,,,,,,,Never Blocked,,
1252,A2K40U9Q0YRVYJ,https://gamma-requester.mturk.com/workers/A2K40U9Q0YRVYJ,1,1,100.00%,0,0,0.00%,0,0,0.00%,1,,,,,,,,,,,,,,,,100,,,,,,,,0,,0,,,,,,1,,,,,,Never Blocked,,
1253,A2K607J3Z68WRR,https://gamma-requester.mturk.com/workers/A2K607J3Z68WRR,1,1,100.00%,0,0,0.00%,0,0,0.00%,1,,,,,,,,,,,,,,,,100,,,,,,,,0,,0,,,,,,,,,,1,,Never Blocked,,
1254,A2K8M8H3CEPJH8,https://gamma-requester.mturk.com/workers/A2K8M8H3CEPJH8,1,1,100.00%,0,0,0.00%,0,0,0.00%,,,,,,,,,,,,,,,1,,,,,,,,,,,,,,,,,,,,,,,,Never Blocked,,
1255,A2KDZLWD8RAHDM,https://gamma-requester.mturk.com/workers/A2KDZLWD8RAHDM,1,1,100.00%,0,0,0.00%,0,0,0.00%,,,,,,,,,,,,,,,,,,,,,,,,,,,,,,,,,,,,,,,Never Blocked,,
1256,A2KEKWRZ2ODUT8,https://gamma-requester.mturk.com/workers/A2KEKWRZ2ODUT8,1,1,100.00%,0,0,0.00%,0,0,0.00%,1,,,,,,,,,,,,,,,,100,,,,,,,,0,,0,,,,,,1,,,,,,Never Blocked,,
1257,A2KJR7KEG3Y8WM,https://gamma-requester.mturk.com/workers/A2KJR7KEG3Y8WM,4,4,100.00%,0,0,0.00%,0,0,0.00%,1,,,,,,,,,,,,,,,,100,,,,,,,,0,,1,,1,,1,,1,,,,,,Never Blocked,,
1258,A2KLIBLDVDV144,https://gamma-requester.mturk.com/workers/A2KLIBLDVDV144,5,5,100.00%,1,1,100.00%,0,0,0.00%,,,,,,,1,,,,,,1,,,,,,,,,,,,,,,,,,,,,,,,,,Never Blocked,,
1259,A2KN2QPGAAFFPQ,https://gamma-requester.mturk.com/workers/A2KN2QPGAAFFPQ,1,1,100.00%,0,0,0.00%,0,0,0.00%,1,,,,,,,,,,,,,,,,100,,,,,,,,0,,0,,,,,,,,,,1,,Never Blocked,,
1260,A2KOB85FG01PT3,https://gamma-requester.mturk.com/workers/A2KOB85FG01PT3,1,1,100.00%,0,0,0.00%,0,0,0.00%,,,,,,,,,,,,,,,,,,,,,,,,,,,,,,,,,,,1,,,,Never Blocked,,
1261,A2KQ1VCW1B8QJP,https://gamma-requester.mturk.com/workers/A2KQ1VCW1B8QJP,1,1,100.00%,0,0,0.00%,0,0,0.00%,1,,,,,,,,,,,,,,,,100,,,,,,,,0,,0,,,,,,1,,,,,,Never Blocked,,
1262,A2KQLLEA8WMRBL,https://gamma-requester.mturk.com/workers/A2KQLLEA8WMRBL,5,5,100.00%,0,0,0.00%,0,0,0.00%,1,,,,,,,,,,,,,,,,100,,,,,,,,1,,1,,1,,1,,1,,,,,,Never Blocked,,
1263,A2KRPK3GQR0GA9,https://gamma-requester.mturk.com/workers/A2KRPK3GQR0GA9,1,1,100.00%,1,1,100.00%,0,0,0.00%,,,,,,,,,,,,,1,,,,,,,,,,,,,,,,,,,,,,,,,,Never Blocked,,
1264,A2KVRYOEOOLKP5,https://gamma-requester.mturk.com/workers/A2KVRYOEOOLKP5,2,2,100.00%,0,0,0.00%,0,0,0.00%,1,,,,,,,,,,,,,,,,100,,,,,,,,0,,0,,,,1,,1,,,,,,Never Blocked,,
1265,A2KWSG6ZSC6TNQ,https://gamma-requester.mturk.com/workers/A2KWSG6ZSC6TNQ,1,1,100.00%,0,0,0.00%,0,0,0.00%,1,,,,,,,,,,,,,,,,100,,,,,,,,0,,0,,,,,,,,,,,,Never Blocked,,
1266,A2KY4GQSDQ7ZT3,https://gamma-requester.mturk.com/workers/A2KY4GQSDQ7ZT3,1,1,100.00%,0,0,0.00%,0,0,0.00%,,,,,,,,,,,,,,,,,100,,,,,,,,,,,,,,,,,,,,,,Never Blocked,,
1267,A2L18Q7871EONK,https://gamma-requester.mturk.com/workers/A2L18Q7871EONK,3,3,100.00%,0,0,0.00%,0,0,0.00%,,,,,,,1,,,,1,,,,,,1,,,,,,,,,,,,,,,,,,,,,,Never Blocked,,
1268,A2L366NNL1YG5W,https://gamma-requester.mturk.com/workers/A2L366NNL1YG5W,1,1,100.00%,0,0,0.00%,0,0,0.00%,1,,,,,,,,,,,,,,,,100,,,,,,,,0,,0,,,,,,,,,,1,,Never Blocked,,
1269,A2L53B1MI02U0W,https://gamma-requester.mturk.com/workers/A2L53B1MI02U0W,4,4,100.00%,0,0,0.00%,0,0,0.00%,1,,,,,,,,,,,,,,,,100,,,,,,,,0,,0,,1,,1,,1,,,,,,Never Blocked,,
1270,A2L7SJYCYRBZR2,https://gamma-requester.mturk.com/workers/A2L7SJYCYRBZR2,1,1,100.00%,0,0,0.00%,0,0,0.00%,1,,,,,,,,,,,,,,,,100,,,,,,,,0,,0,,,,,,,,,,1,,Never Blocked,,
1271,A2LA3NEWBU30QT,https://gamma-requester.mturk.com/workers/A2LA3NEWBU30QT,2,2,100.00%,0,0,0.00%,0,0,0.00%,,,,,,,1,,,,,,,,,,,,,,,,,,,,,,,,,,,,,,,,Never Blocked,,
1272,A2LAXPTVI3IP1B,https://gamma-requester.mturk.com/workers/A2LAXPTVI3IP1B,2,2,100.00%,0,0,0.00%,0,0,0.00%,,,,,,,,,,,,,,,1,,,,,,,,1,,,,,,,,,,,,,,,,Never Blocked,,
1273,A2LB5JWYLXXLEW,https://gamma-requester.mturk.com/workers/A2LB5JWYLXXLEW,1,1,100.00%,0,0,0.00%,0,0,0.00%,1,,,,,,,,,,,,,,,,100,,,,,,,,0,,0,,,,,,,,,,1,,Never Blocked,,
1274,A2LB6A57BDB1X0,https://gamma-requester.mturk.com/workers/A2LB6A57BDB1X0,1,1,100.00%,0,0,0.00%,0,0,0.00%,,,,,,,,,,,,,,,,,100,,,,,,,,,,,,,,,,,,,,,,Never Blocked,,
1275,A2LD6J5JQGH99G,https://gamma-requester.mturk.com/workers/A2LD6J5JQGH99G,1,1,100.00%,0,0,0.00%,0,0,0.00%,1,,,,,,,,,,,,,,,,100,,,,,,,,0,,0,,,,,,1,,,,,,Never Blocked,,
1276,A2LDDDJ4WBKB8Y,https://gamma-requester.mturk.com/workers/A2LDDDJ4WBKB8Y,1,1,100.00%,0,0,0.00%,0,0,0.00%,1,,,,,,,,,,,,,,,,100,,,,,,,,0,,0,,,,,,,,,,,,Never Blocked,,
1277,A2LE0L3NO0L2C6,https://gamma-requester.mturk.com/workers/A2LE0L3NO0L2C6,1,1,100.00%,0,0,0.00%,0,0,0.00%,1,,,,,,,,,,,,,,,,100,,,,,,,,0,,0,,,,,,,,,,1,,Never Blocked,,
1278,A2LFVPB3RXLX3B,https://gamma-requester.mturk.com/workers/A2LFVPB3RXLX3B,2,2,100.00%,0,0,0.00%,0,0,0.00%,1,,,,,,,,,,,,,,,,100,,,,,,,,0,,0,,,,,,1,,,,,,Never Blocked,,
1279,A2LHHO5QDQSQ5R,https://gamma-requester.mturk.com/workers/A2LHHO5QDQSQ5R,2,2,100.00%,0,0,0.00%,0,0,0.00%,1,,,,,,,,,,,,,,,,100,,,,,,,,0,,0,,,,1,,1,,,,,,Never Blocked,,
1280,A2LI1OIR4BVJRW,https://gamma-requester.mturk.com/workers/A2LI1OIR4BVJRW,3,3,100.00%,0,0,0.00%,0,0,0.00%,,,,,,,,,,,,,,,1,,1,,,,,,1,,,,,,,,,,,,,,,,Never Blocked,,
1281,A2LI71A9ZRA199,https://gamma-requester.mturk.com/workers/A2LI71A9ZRA199,2,2,100.00%,0,0,0.00%,0,0,0.00%,,,,,,,,,,,,,,,,,,,,,1,,,,,,,,,,,,,,,,,,Never Blocked,,
1282,A2LI9MDJGLDFEW,https://gamma-requester.mturk.com/workers/A2LI9MDJGLDFEW,1,1,100.00%,0,0,0.00%,0,0,0.00%,1,,,,,,,,,,,,,,,,100,,,,,,,,0,,0,,,,,,1,,,,,,Never Blocked,,
1283,A2LKGF193ZR5JP,https://gamma-requester.mturk.com/workers/A2LKGF193ZR5JP,2,2,100.00%,0,0,0.00%,0,0,0.00%,,,,,,,,,,,1,,,,,,1,,,,,,,,,,,,,,,,,,,,,,Never Blocked,,
1284,A2LLOJFA11FSZF,https://gamma-requester.mturk.com/workers/A2LLOJFA11FSZF,1,1,100.00%,0,0,0.00%,0,0,0.00%,,,,,,,,,1,,,,,,,,1,,,,,,,,,,,,,,,,,,,,,,Never Blocked,,
1285,A2LLY9JPYC9KJ4,https://gamma-requester.mturk.com/workers/A2LLY9JPYC9KJ4,4,4,100.00%,0,0,0.00%,0,0,0.00%,1,,,,,,,,,,,,,,,,100,,,,,,,,0,,1,,1,,1,,1,,,,,,Never Blocked,,
1286,A2LMSIDVE4E4IO,https://gamma-requester.mturk.com/workers/A2LMSIDVE4E4IO,3,3,100.00%,0,0,0.00%,0,0,0.00%,,,,,,,,,,,,,,,,,100,,,,,,,,,,,,,,,,,,1,,,,Never Blocked,,
1287,A2LQ9NP944M61Z,https://gamma-requester.mturk.com/workers/A2LQ9NP944M61Z,1,1,100.00%,0,0,0.00%,0,0,0.00%,1,,,,,,,,,,,,,,,,100,,,,,,,,0,,0,,,,,,,,,,1,,Never Blocked,,
1288,A2LQO0696YYC1Q,https://gamma-requester.mturk.com/workers/A2LQO0696YYC1Q,2,2,100.00%,0,0,0.00%,0,0,0.00%,,,,,,,,,,,,,,,1,,,,,,,,1,,,,,,,,,,,,,,,,Never Blocked,,
1289,A2LQSIUU2U0ZT2,https://gamma-requester.mturk.com/workers/A2LQSIUU2U0ZT2,2,2,100.00%,0,0,0.00%,0,0,0.00%,,,,,,,,,,,,,,,1,,,,,,,,1,,,,,,,,,,,,,,,,Never Blocked,,
1290,A2LWA1JHMXAQMG,https://gamma-requester.mturk.com/workers/A2LWA1JHMXAQMG,1,1,100.00%,0,0,0.00%,0,0,0.00%,1,,,,,,,,,,,,,,,,100,,,,,,,,0,,0,,,,,,1,,,,,,Never Blocked,,
1291,A2M03MZWZDXKAJ,https://gamma-requester.mturk.com/workers/A2M03MZWZDXKAJ,4,4,100.00%,0,0,0.00%,0,0,0.00%,1,,,,,,,,,,,,,,,,100,,,,,,,,0,,1,,1,,1,,1,,,,,,Never Blocked,,
1292,A2M183CETUMR96,https://gamma-requester.mturk.com/workers/A2M183CETUMR96,4,4,100.00%,0,0,0.00%,0,0,0.00%,,,,,,,,,1,,,,,,,,1,,,,1,,,,,,,,,,,,,,1,,,,Never Blocked,,
1293,A2M190GHL0QK5X,https://gamma-requester.mturk.com/workers/A2M190GHL0QK5X,3,3,100.00%,0,0,0.00%,0,0,0.00%,1,,,,,,,,,,,,,,,,100,,,,,,,,0,,0,,1,,1,,1,,,,,,Never Blocked,,
1294,A2M3DR0V45HNUL,https://gamma-requester.mturk.com/workers/A2M3DR0V45HNUL,0,0,0.00%,0,0,0.00%,0,0,0.00%,,,,,,,,,,,,,,1,,,,,,,,,,,,,,,,,,,,,,,,,Never Blocked,,
1295,A2M3FPQF852HW4,https://gamma-requester.mturk.com/workers/A2M3FPQF852HW4,3,3,100.00%,0,0,0.00%,0,0,0.00%,,,,,,,,,,,1,,,,,,1,,,,,,,,,,,,,,,,,,,,,,Never Blocked,,
1296,A2M4O8KQW0H7HV,https://gamma-requester.mturk.com/workers/A2M4O8KQW0H7HV,1,1,100.00%,0,0,0.00%,0,0,0.00%,,,,,,,1,,,,,,,,,,,,,,,,,,,,,,,,,,,,1,,,,Never Blocked,,
1297,A2M5S1RXUCVE7L,https://gamma-requester.mturk.com/workers/A2M5S1RXUCVE7L,2,2,100.00%,0,0,0.00%,0,0,0.00%,,,,,,,,,,,,,,,1,,,,,,,,1,,,,,,,,,,,,,,,,Never Blocked,,
1298,A2M7ZU2TDWN09B,https://gamma-requester.mturk.com/workers/A2M7ZU2TDWN09B,4,4,100.00%,0,0,0.00%,0,0,0.00%,1,,,,,,,,,,,,,,,,100,,,,,,,,0,,1,,1,,1,,1,,,,,,Never Blocked,,
1299,A2M926W9I0CP93,https://gamma-requester.mturk.com/workers/A2M926W9I0CP93,1,1,100.00%,0,0,0.00%,0,0,0.00%,1,,,,,,,,,,,,,,,,100,,,,,,,,0,,0,,,,,,,,,,,,Never Blocked,,
1300,A2M9Q0S025XT75,https://gamma-requester.mturk.com/workers/A2M9Q0S025XT75,1,1,100.00%,0,0,0.00%,0,0,0.00%,,,,,,,,,,,,,,,,,,,,,,,,,,,,,,,,,,,,,,,Never Blocked,,
1301,A2M9R3LBVLI5ZN,https://gamma-requester.mturk.com/workers/A2M9R3LBVLI5ZN,2,2,100.00%,0,0,0.00%,0,0,0.00%,,,,,,,,,,,,,,,1,,,,,,,,1,,,,,,,,,,,,,,,,Never Blocked,,
1302,A2MAP4I827IFAT,https://gamma-requester.mturk.com/workers/A2MAP4I827IFAT,1,1,100.00%,0,0,0.00%,0,0,0.00%,1,,,,,,,,,,,,,,,,100,,,,,,,,0,,0,,,,,,,,,,1,,Never Blocked,,
1303,A2MBFIAGBPU5NG,https://gamma-requester.mturk.com/workers/A2MBFIAGBPU5NG,2,1,50.00%,0,0,0.00%,0,0,0.00%,,,,,,,,,,,1,,,,,,1,,,,,,,,,,,,,,,,,,,,,,Never Blocked,,
1304,A2MGHT7XQIE473,https://gamma-requester.mturk.com/workers/A2MGHT7XQIE473,1,1,100.00%,0,0,0.00%,0,0,0.00%,,,,,,,,,,,,,,,,,,,,,,,,,,,,,,,,,,,,,,,Never Blocked,,
1305,A2MI9RI44OZRPI,https://gamma-requester.mturk.com/workers/A2MI9RI44OZRPI,1,1,100.00%,0,0,0.00%,0,0,0.00%,1,,,,,,,,,,,,,,,,100,,,,,,,,0,,0,,,,,,,,,,,,Never Blocked,,
1306,A2MIFJZZPOCI6,https://gamma-requester.mturk.com/workers/A2MIFJZZPOCI6,1,1,100.00%,0,0,0.00%,0,0,0.00%,,,,,,,,,,,,,,,,,100,,,,,,,,,,,,,,,,,,,,,,Never Blocked,,
1307,A2MJ2AJ480GOPR,https://gamma-requester.mturk.com/workers/A2MJ2AJ480GOPR,1,1,100.00%,0,0,0.00%,0,0,0.00%,,,,,,,,,,,1,,,,,,1,,,,,,,,,,,,,,,,,,,,,,Never Blocked,,
1308,A2MJQG58XN41OW,https://gamma-requester.mturk.com/workers/A2MJQG58XN41OW,2,2,100.00%,0,0,0.00%,0,0,0.00%,,,,,,,,,,,1,,,,,,1,,,,,,,,,,,,,,,,,,,,,,Never Blocked,,
1309,A2ML4TEAJTDQD0,https://gamma-requester.mturk.com/workers/A2ML4TEAJTDQD0,1,1,100.00%,0,0,0.00%,0,0,0.00%,1,,,,,,,,,,,,,,,,100,,,,,,,,0,,0,,,,,,,,,,1,,Never Blocked,,
1310,A2ML7ATI15HJO7,https://gamma-requester.mturk.com/workers/A2ML7ATI15HJO7,1,1,100.00%,0,0,0.00%,0,0,0.00%,1,,,,,,,,,,,,,,,,100,,,,,,,,0,,0,,,,,,,,,,1,,Never Blocked,,
1311,A2MNYGPWR8PG7L,https://gamma-requester.mturk.com/workers/A2MNYGPWR8PG7L,2,2,100.00%,0,0,0.00%,0,0,0.00%,1,,,,,,,,,,,,,,,,100,,,,,,,,0,,0,,,,,,,,,,,,Never Blocked,,
1312,A2MOU3YD664C0H,https://gamma-requester.mturk.com/workers/A2MOU3YD664C0H,3,3,100.00%,0,0,0.00%,0,0,0.00%,,,,,,,1,,,,1,,,,,,1,,,,,,,,,,,,,,,,,,,,,,Never Blocked,,
1313,A2MQMMCVZJTFL2,https://gamma-requester.mturk.com/workers/A2MQMMCVZJTFL2,1,1,100.00%,0,0,0.00%,0,0,0.00%,1,,,,,,,,,,,,,,,,100,,,,,,,,0,,0,,,,,,1,,,,,,Never Blocked,,
1314,A2MS1GQLGAX9FZ,https://gamma-requester.mturk.com/workers/A2MS1GQLGAX9FZ,1,1,100.00%,0,0,0.00%,0,0,0.00%,1,,,,,,,,,,,,,,,,100,,,,,,,,0,,0,,,,,,1,,,,,,Never Blocked,,
1315,A2MV1R6YYOIO30,https://gamma-requester.mturk.com/workers/A2MV1R6YYOIO30,3,3,100.00%,0,0,0.00%,0,0,0.00%,,,,,,,,,,,1,,,,,,1,,,,,,,,,,,,,,,,,,,,,,Never Blocked,,
1316,A2MX5YW3DSQ61W,https://gamma-requester.mturk.com/workers/A2MX5YW3DSQ61W,1,1,100.00%,0,0,0.00%,0,0,0.00%,1,,,,,,,,,,,,,,,,100,,,,,,,,0,,0,,,,,,,,,,1,,Never Blocked,,
1317,A2MYLV7DGUL42B,https://gamma-requester.mturk.com/workers/A2MYLV7DGUL42B,5,5,100.00%,0,0,0.00%,0,0,0.00%,1,,,,,,,,,,,,,,,,100,,,,,,,,1,,1,,1,,1,,1,,,,,,Never Blocked,,
1318,A2N1LD0IFPHF4B,https://gamma-requester.mturk.com/workers/A2N1LD0IFPHF4B,1,1,100.00%,0,0,0.00%,0,0,0.00%,,,,,,,,,,,,,,,,,100,,,,,,,,,,,,,,,,,,,,,,Never Blocked,,
1319,A2N5CZXY8IGBHP,https://gamma-requester.mturk.com/workers/A2N5CZXY8IGBHP,1,1,100.00%,0,0,0.00%,0,0,0.00%,,,,,,,,,,,,,,,,,,,,,,,,,,,,,,,,,,,,,,,Never Blocked,,
1320,A2N8PVHOT7XR1W,https://gamma-requester.mturk.com/workers/A2N8PVHOT7XR1W,2,2,100.00%,0,0,0.00%,0,0,0.00%,,,,,,,,,,,,,,,,,100,,,,,,,,,,,,,,,,,,,,,,Never Blocked,,
1321,A2N8SM7NRJEDG5,https://gamma-requester.mturk.com/workers/A2N8SM7NRJEDG5,1,1,100.00%,0,0,0.00%,0,0,0.00%,1,,,,,,,,,,,,,,,,100,,,,,,,,0,,0,,,,,,,,,,1,,Never Blocked,,
1322,A2N9U74YIPDQ9F,https://gamma-requester.mturk.com/workers/A2N9U74YIPDQ9F,2,2,100.00%,0,0,0.00%,0,0,0.00%,1,,,,,,,,,,,,,,1,,100,,,,1,,,,0,,0,,,,,,,,,,1,,Never Blocked,,
1323,A2NA6X1SON3KFH,https://gamma-requester.mturk.com/workers/A2NA6X1SON3KFH,1,1,100.00%,0,0,0.00%,0,0,0.00%,1,,,,,,,,,,,,,,,,100,,,,,,,,0,,0,,,,,,,,,,1,,Never Blocked,,
1324,A2NAKIXS3DVGAA,https://gamma-requester.mturk.com/workers/A2NAKIXS3DVGAA,3,3,100.00%,0,0,0.00%,0,0,0.00%,1,,,,,,,,,,,,,,1,,100,,,,,,1,,0,,0,,,,,,,,,,1,,Never Blocked,,
1325,A2NC28XJKAFJV,https://gamma-requester.mturk.com/workers/A2NC28XJKAFJV,2,2,100.00%,0,0,0.00%,0,0,0.00%,,,,,,,,,,,,,,,1,,,,,,,,1,,,,,,,,,,,,,,,,Never Blocked,,
1326,A2NCVGGFYM2KWD,https://gamma-requester.mturk.com/workers/A2NCVGGFYM2KWD,2,2,100.00%,0,0,0.00%,0,0,0.00%,,,,,,,,,,,,,,,,,,,,,1,,,,,,,,,,,,,,,,,,Never Blocked,,
1327,A2NI22SB1OFE1S,https://gamma-requester.mturk.com/workers/A2NI22SB1OFE1S,1,1,100.00%,0,0,0.00%,0,0,0.00%,1,,,,,,,,,,,,,,,,100,,,,,,,,0,,0,,,,,,,,,,,,Never Blocked,,
1328,A2NKE99I9M8EP3,https://gamma-requester.mturk.com/workers/A2NKE99I9M8EP3,1,1,100.00%,0,0,0.00%,0,0,0.00%,1,,,,,,,,,,,,,,,,100,,,,,,,,0,,0,,,,,,,,,,,,Never Blocked,,
1329,A2NLR3S7WBULAK,https://gamma-requester.mturk.com/workers/A2NLR3S7WBULAK,1,1,100.00%,0,0,0.00%,0,0,0.00%,,,,,,,,,,,,,,,,,100,,,,,,,,,,,,,,,,,,,,,,Never Blocked,,
1330,A2NMLTECRDWFN2,https://gamma-requester.mturk.com/workers/A2NMLTECRDWFN2,1,1,100.00%,0,0,0.00%,0,0,0.00%,1,,,,,,,,,,,,,,,,100,,,,,,,,0,,0,,,,,,,,,,,,Never Blocked,,
1331,A2NQWW9Y3ZVGU0,https://gamma-requester.mturk.com/workers/A2NQWW9Y3ZVGU0,1,1,100.00%,0,0,0.00%,0,0,0.00%,,,,,,,,,,,,,,,,,,,,,,,,,,,,,,,,,,,,,,,Never Blocked,,
1332,A2NS28ESX9EMJV,https://gamma-requester.mturk.com/workers/A2NS28ESX9EMJV,1,1,100.00%,0,0,0.00%,0,0,0.00%,1,,,,,,,,,,,,,,,,100,,,,,,,,0,,0,,,,,,,,,,1,,Never Blocked,,
1333,A2NT3OQZUUZPEO,https://gamma-requester.mturk.com/workers/A2NT3OQZUUZPEO,3,3,100.00%,0,0,0.00%,0,0,0.00%,,,,,,,,,,,1,,,,,,1,,,,,,,,,,,,,,,,,,,,,,Never Blocked,,
1334,A2NVX39CZ34V4E,https://gamma-requester.mturk.com/workers/A2NVX39CZ34V4E,1,1,100.00%,0,0,0.00%,0,0,0.00%,,,,,,,,,,,,,,,,,100,,,,,,,,,,,,,,,,,,,,,,Never Blocked,,
1335,A2NWPE0L3EOEMV,https://gamma-requester.mturk.com/workers/A2NWPE0L3EOEMV,1,1,100.00%,0,0,0.00%,0,0,0.00%,,,,,,,,,,,,,,,,,,,,,,,,,,,,,,,,,,,,,,,Never Blocked,,
1336,A2NX92POGATSQU,https://gamma-requester.mturk.com/workers/A2NX92POGATSQU,0,0,0.00%,0,0,0.00%,0,0,0.00%,,,,,,,,,,,,,,1,,,,,,,,,,,,,,,,,,,,,,,,,Never Blocked,,
1337,A2NZAL7KHOR6VF,https://gamma-requester.mturk.com/workers/A2NZAL7KHOR6VF,1,1,100.00%,0,0,0.00%,0,0,0.00%,1,,,,,,,,,,,,,,,,100,,,,,,,,0,,0,,,,,,,,,,,,Never Blocked,,
1338,A2O3RTNKKT4RCT,https://gamma-requester.mturk.com/workers/A2O3RTNKKT4RCT,1,1,100.00%,0,0,0.00%,0,0,0.00%,1,,,,,,,,,,,,,,,,100,,,,,,,,0,,0,,,,,,1,,,,,,Never Blocked,,
1339,A2O5WL7H36CRIL,https://gamma-requester.mturk.com/workers/A2O5WL7H36CRIL,1,1,100.00%,1,1,100.00%,0,0,0.00%,,,,,,,,,,,,,1,,,,,,,,,,,,,,,,,,,,,,,,,,Never Blocked,,
1340,A2O70SKSNWL8LQ,https://gamma-requester.mturk.com/workers/A2O70SKSNWL8LQ,2,2,100.00%,0,0,0.00%,0,0,0.00%,,,,,,,,,,,1,,,,,,1,,,,,,,,,,,,,,,,,,,,,,Never Blocked,,
1341,A2ODNU28S3R9BN,https://gamma-requester.mturk.com/workers/A2ODNU28S3R9BN,1,1,100.00%,0,0,0.00%,0,0,0.00%,1,,,,,,,,,,,,,,,,100,,,,,,,,0,,0,,,,,,1,,,,,,Never Blocked,,
1342,A2OEA7G9IHYSZW,https://gamma-requester.mturk.com/workers/A2OEA7G9IHYSZW,2,2,100.00%,0,0,0.00%,0,0,0.00%,1,,,,,,,,,,,,,,,,100,,,,,,,,0,,0,,,,,,1,,,,,,Never Blocked,,
1343,A2OEUQUH0MI8R1,https://gamma-requester.mturk.com/workers/A2OEUQUH0MI8R1,1,1,100.00%,0,0,0.00%,0,0,0.00%,1,,,,,,,,,,,,,,,,100,,,,,,,,0,,0,,,,,,,,,,1,,Never Blocked,,
1344,A2OFN0A5CPLH57,https://gamma-requester.mturk.com/workers/A2OFN0A5CPLH57,1,1,100.00%,0,0,0.00%,0,0,0.00%,1,,,,,,,,,,,,,,,,100,,,,,,,,0,,0,,,,,,,,,,1,,Never Blocked,,
1345,A2OGF317RQ2GJX,https://gamma-requester.mturk.com/workers/A2OGF317RQ2GJX,1,1,100.00%,0,0,0.00%,0,0,0.00%,1,,,,,,,,,,,,,,,,100,,,,,,,,0,,0,,,,,,,,,,1,,Never Blocked,,
1346,A2OGUQ4PIOHVP0,https://gamma-requester.mturk.com/workers/A2OGUQ4PIOHVP0,1,1,100.00%,0,0,0.00%,0,0,0.00%,1,,,,,,,,,,,,,,,,100,,,,,,,,0,,0,,,,,,,,,,1,,Never Blocked,,
1347,A2OK7UBINXYAYB,https://gamma-requester.mturk.com/workers/A2OK7UBINXYAYB,1,1,100.00%,0,0,0.00%,0,0,0.00%,1,,,,,,,,,,,,,,,,100,,,,,,,,0,,0,,,,,,,,,,,,Never Blocked,,
1348,A2OK9GZQ92MVUA,https://gamma-requester.mturk.com/workers/A2OK9GZQ92MVUA,1,1,100.00%,0,0,0.00%,0,0,0.00%,,,,,,,,,,,,,,,,,,,,,,,,,,,,,,,,,,,,,,,Never Blocked,,
1349,A2OK9P9QCBZKMB,https://gamma-requester.mturk.com/workers/A2OK9P9QCBZKMB,1,1,100.00%,0,0,0.00%,0,0,0.00%,,,,,,,,,,,,,,,,,,,,,,,,,,,,,,,,,,,1,,,,Never Blocked,,
1350,A2OL5U1YWPFBDI,https://gamma-requester.mturk.com/workers/A2OL5U1YWPFBDI,3,3,100.00%,0,0,0.00%,0,0,0.00%,,,,,,,,,,,,,,,,,100,,,,1,,,,,,,,,,,,,,,,,,Never Blocked,,
1351,A2OLSZ6DD9I239,https://gamma-requester.mturk.com/workers/A2OLSZ6DD9I239,5,5,100.00%,0,0,0.00%,0,0,0.00%,1,,,,,,,,,,,,,,,,100,,,,,,,,1,,1,,1,,1,,1,,,,,,Never Blocked,,
1352,A2OOYCMD4P4VFK,https://gamma-requester.mturk.com/workers/A2OOYCMD4P4VFK,1,1,100.00%,0,0,0.00%,0,0,0.00%,,,,,,,,,1,,,,,,,,1,,,,,,,,,,,,,,,,,,,,,,Never Blocked,,
1353,A2OQ5LQ3YB4HX1,https://gamma-requester.mturk.com/workers/A2OQ5LQ3YB4HX1,2,2,100.00%,0,0,0.00%,0,0,0.00%,,,,,,,,,,,,,,,1,,,,,,,,1,,,,,,,,,,,,,,,,Never Blocked,,
1354,A2OROMUVBD1NVC,https://gamma-requester.mturk.com/workers/A2OROMUVBD1NVC,3,3,100.00%,0,0,0.00%,0,0,0.00%,1,,,,,,,,,,,,,,,,100,,,,,,,,0,,0,,1,,1,,1,,,,,,Never Blocked,,
1355,A2OT9ZJC4MQBS8,https://gamma-requester.mturk.com/workers/A2OT9ZJC4MQBS8,5,5,100.00%,0,0,0.00%,0,0,0.00%,,,,,,,1,,,,,,,,,,100,,,,1,,,,,,,,,,,,,,,,,,Never Blocked,,
1356,A2OTLFQIR3121B,https://gamma-requester.mturk.com/workers/A2OTLFQIR3121B,1,1,100.00%,0,0,0.00%,0,0,0.00%,1,,,,,,,,,,,,,,,,100,,,,,,,,0,,0,,,,,,,,,,1,,Never Blocked,,
1357,A2OTMALDJLAS7,https://gamma-requester.mturk.com/workers/A2OTMALDJLAS7,1,1,100.00%,0,0,0.00%,0,0,0.00%,,,,,,,,,,,,,,,,,1,,,,,,,,,,,,,,,,,,,,,,Never Blocked,,
1358,A2OU4N4VBIE91I,https://gamma-requester.mturk.com/workers/A2OU4N4VBIE91I,1,1,100.00%,0,0,0.00%,0,0,0.00%,1,,,,,,,,,,,,,,,,100,,,,,,,,0,,0,,,,,,,,,,1,,Never Blocked,,
1359,A2OVET58SDVSB2,https://gamma-requester.mturk.com/workers/A2OVET58SDVSB2,2,2,100.00%,0,0,0.00%,0,0,0.00%,1,,,,,,,,,,,,,,,,100,,,,,,,,0,,0,,,,1,,1,,,,,,Never Blocked,,
1360,A2OWUL4IRMO1JF,https://gamma-requester.mturk.com/workers/A2OWUL4IRMO1JF,2,2,100.00%,0,0,0.00%,0,0,0.00%,1,,,,,,,,,,,,,,,,100,,,,,,,,0,,0,,,,1,,1,,,,,,Never Blocked,,
1361,A2OXC3ZQNFML9G,https://gamma-requester.mturk.com/workers/A2OXC3ZQNFML9G,1,1,100.00%,0,0,0.00%,0,0,0.00%,,,,,,,,,,,,,,,,,,,,,,,,,,,,,,,,,,,,,,,Never Blocked,,
1362,A2OZ0B2U7MCLD1,https://gamma-requester.mturk.com/workers/A2OZ0B2U7MCLD1,1,1,100.00%,0,0,0.00%,0,0,0.00%,1,,,,,,,,,,,,,,,,100,,,,,,,,0,,0,,,,,,,,,,,,Never Blocked,,
1363,A2OZN198ZV1VKK,https://gamma-requester.mturk.com/workers/A2OZN198ZV1VKK,2,2,100.00%,0,0,0.00%,0,0,0.00%,,,,,,,,,,,1,,,,,,1,,,,,,,,,,,,,,,,,,,,,,Never Blocked,,
1364,A2P0EZBOOTBSAL,https://gamma-requester.mturk.com/workers/A2P0EZBOOTBSAL,1,1,100.00%,0,0,0.00%,0,0,0.00%,,,,,,,,,,,,,,,,,100,,,,,,,,,,,,,,,,,,,,,,Never Blocked,,
1365,A2P49UVZY1KWAQ,https://gamma-requester.mturk.com/workers/A2P49UVZY1KWAQ,1,1,100.00%,0,0,0.00%,0,0,0.00%,,,,,,,,,,,,,,,1,,,,,,,,,,,,,,,,,,,,,,,,Never Blocked,,
1366,A2P7HS0MQF9SU0,https://gamma-requester.mturk.com/workers/A2P7HS0MQF9SU0,1,1,100.00%,0,0,0.00%,0,0,0.00%,,,,,,,,,1,,,,,,,,1,,,,,,,,,,,,,,,,,,,,,,Never Blocked,,
1367,A2P93KBD3WXXTW,https://gamma-requester.mturk.com/workers/A2P93KBD3WXXTW,1,1,100.00%,0,0,0.00%,0,0,0.00%,1,,,,,,,,,,,,,,,,100,,,,,,,,0,,0,,,,,,,,,,,,Never Blocked,,
1368,A2P97OS4ZYS35W,https://gamma-requester.mturk.com/workers/A2P97OS4ZYS35W,1,1,100.00%,0,0,0.00%,0,0,0.00%,,,,,,,,,,,,,,,,,,,,,,,,,,,,,,,,,,,,,,,Never Blocked,,
1369,A2P9XYDUCQBXWD,https://gamma-requester.mturk.com/workers/A2P9XYDUCQBXWD,2,2,100.00%,0,0,0.00%,0,0,0.00%,,,,,,,,,,,,,,,1,,,,,,,,1,,,,,,,,,,,,,,,,Never Blocked,,
1370,A2PAWE1NW4MD8L,https://gamma-requester.mturk.com/workers/A2PAWE1NW4MD8L,3,3,100.00%,0,0,0.00%,0,0,0.00%,,,,,,,1,,,,,,,,,,1,,,,,,,,,,,,,,,,,,,,,,Never Blocked,,
1371,A2PBFKNWWIIAO8,https://gamma-requester.mturk.com/workers/A2PBFKNWWIIAO8,2,2,100.00%,0,0,0.00%,0,0,0.00%,,,,,,,,,,,1,,,,,,1,,,,,,,,,,,,,,,,,,,,,,Never Blocked,,
1372,A2PBRGT71DUYOY,https://gamma-requester.mturk.com/workers/A2PBRGT71DUYOY,1,1,100.00%,0,0,0.00%,0,0,0.00%,1,,,,,,,,,,,,,,,,100,,,,,,,,0,,0,,,,,,,,,,1,,Never Blocked,,
1373,A2PC40UQTAFJCM,https://gamma-requester.mturk.com/workers/A2PC40UQTAFJCM,1,1,100.00%,0,0,0.00%,0,0,0.00%,,,,,,,,,,,,,,,1,,,,,,,,,,,,,,,,,,,,,,,,Never Blocked,,
1374,A2PD1J75MLX61W,https://gamma-requester.mturk.com/workers/A2PD1J75MLX61W,1,1,100.00%,0,0,0.00%,0,0,0.00%,,,,,,,,,,,,,,,,,100,,,,,,,,,,,,,,,,,,,,,,Never Blocked,,
1375,A2PEY75Y7UQSIK,https://gamma-requester.mturk.com/workers/A2PEY75Y7UQSIK,1,1,100.00%,0,0,0.00%,0,0,0.00%,,,,,,,,,,,,,,,,,,,,,,,,,,,,,,,,,,,,,,,Never Blocked,,
1376,A2PFYG0OUMVITX,https://gamma-requester.mturk.com/workers/A2PFYG0OUMVITX,1,1,100.00%,1,1,100.00%,0,0,0.00%,,,,,,,,,,,,,1,,,,,,,,,,,,,,,,,,,,,,,,,,Never Blocked,,
1377,A2PI9FQWMWE8J3,https://gamma-requester.mturk.com/workers/A2PI9FQWMWE8J3,2,2,100.00%,0,0,0.00%,0,0,0.00%,,,,,,,,,,,,,,,,,,,,,,,,,,,,,,,,,,,1,,,,Never Blocked,,
1378,A2PIW46PJENAZ4,https://gamma-requester.mturk.com/workers/A2PIW46PJENAZ4,5,5,100.00%,0,0,0.00%,0,0,0.00%,1,,,,,,,,,,,,,,,,100,,,,,,,,1,,1,,1,,1,,1,,,,,,Never Blocked,,
1379,A2PJGKW2KOVM7Y,https://gamma-requester.mturk.com/workers/A2PJGKW2KOVM7Y,3,3,100.00%,0,0,0.00%,0,0,0.00%,1,,,,,,,,,,,,,,,,100,,,,,,,,0,,0,,1,,1,,1,,,,,,Never Blocked,,
1380,A2PQMJ48ICRUCF,https://gamma-requester.mturk.com/workers/A2PQMJ48ICRUCF,1,1,100.00%,0,0,0.00%,0,0,0.00%,1,,,,,,,,,,,,,,,,100,,,,,,,,0,,0,,,,,,,,,,,,Never Blocked,,
1381,A2PSR3CMNR1R9X,https://gamma-requester.mturk.com/workers/A2PSR3CMNR1R9X,1,1,100.00%,0,0,0.00%,0,0,0.00%,1,,,,,,,,,,,,,,,,100,,,,,,,,0,,0,,,,,,1,,,,,,Never Blocked,,
1382,A2PTQ31HDEENZB,https://gamma-requester.mturk.com/workers/A2PTQ31HDEENZB,1,1,100.00%,0,0,0.00%,0,0,0.00%,,,,,,,,,,,,,,,,,1,,,,,,,,,,,,,,,,,,,,,,Never Blocked,,
1383,A2PTXBT6HEBLCY,https://gamma-requester.mturk.com/workers/A2PTXBT6HEBLCY,3,3,100.00%,0,0,0.00%,0,0,0.00%,1,,,,,,,,,,,,,,,,100,,,,,,,,0,,0,,,,1,,1,,,,,,Never Blocked,,
1384,A2PWE9TKEM99BA,https://gamma-requester.mturk.com/workers/A2PWE9TKEM99BA,1,1,100.00%,0,0,0.00%,0,0,0.00%,1,,,,,,,,,,,,,,,,100,,,,,,,,0,,0,,,,,,,,,,,,Never Blocked,,
1385,A2Q0XPK1CBAKFA,https://gamma-requester.mturk.com/workers/A2Q0XPK1CBAKFA,1,1,100.00%,0,0,0.00%,0,0,0.00%,,,,,,,,,,,,,,,,,100,,,,,,,,,,,,,,,,,,1,,,,Never Blocked,,
1386,A2Q28DHT2YOD4H,https://gamma-requester.mturk.com/workers/A2Q28DHT2YOD4H,1,1,100.00%,0,0,0.00%,0,0,0.00%,,,,,,,,,,,,,,,1,,,,,,,,,,,,,,,,,,,,,,,,Never Blocked,,
1387,A2Q6GCA1OIPORV,https://gamma-requester.mturk.com/workers/A2Q6GCA1OIPORV,1,1,100.00%,0,0,0.00%,0,0,0.00%,1,,,,,,,,,,,,,,,,100,,,,,,,,0,,0,,,,,,,,,,1,,Never Blocked,,
1388,A2QCULU8SNUD1R,https://gamma-requester.mturk.com/workers/A2QCULU8SNUD1R,2,2,100.00%,0,0,0.00%,0,0,0.00%,,,,,,,,,1,,,,,,,,1,,,,,,,,,,,,,,,,,,,,,,Never Blocked,,
1389,A2QCW55A6KZG92,https://gamma-requester.mturk.com/workers/A2QCW55A6KZG92,1,1,100.00%,0,0,0.00%,0,0,0.00%,,,,,,,,,,,,,,,,,,,,,,,,,,,,,,,,,,,,,,,Never Blocked,,
1390,A2QFHX7HAGTLOQ,https://gamma-requester.mturk.com/workers/A2QFHX7HAGTLOQ,1,1,100.00%,0,0,0.00%,0,0,0.00%,1,,,,,,,,,,,,,,,,100,,,,,,,,0,,0,,,,,,,,,,1,,Never Blocked,,
1391,A2QGCZDG0PIFEL,https://gamma-requester.mturk.com/workers/A2QGCZDG0PIFEL,1,1,100.00%,0,0,0.00%,0,0,0.00%,,,,,,,,,,,,,,,,,100,,,,,,,,,,,,,,,,,,,,,,Never Blocked,,
1392,A2QKDOODA6RWV1,https://gamma-requester.mturk.com/workers/A2QKDOODA6RWV1,1,1,100.00%,0,0,0.00%,0,0,0.00%,1,,,,,,,,,,,,,,,,100,,,,,,,,0,,0,,,,,,1,,,,,,Never Blocked,,
1393,A2QNZ93BA5JWKS,https://gamma-requester.mturk.com/workers/A2QNZ93BA5JWKS,1,1,100.00%,0,0,0.00%,0,0,0.00%,,,,,,,,,,,,,,,,,,,,,,,,,,,,,,,,,,,,,,,Never Blocked,,
1394,A2QP3HJBFY8MB5,https://gamma-requester.mturk.com/workers/A2QP3HJBFY8MB5,1,1,100.00%,0,0,0.00%,0,0,0.00%,,,,,,,1,,,,,,,,,,,,,,,,,,,,,,,,,,,,1,,,,Never Blocked,,
1395,A2QRIJVRFJD4C5,https://gamma-requester.mturk.com/workers/A2QRIJVRFJD4C5,1,1,100.00%,0,0,0.00%,0,0,0.00%,1,,,,,,,,,,,,,,,,100,,,,,,,,0,,0,,,,,,,,,,,,Never Blocked,,
1396,A2QTJSPG48LAGZ,https://gamma-requester.mturk.com/workers/A2QTJSPG48LAGZ,1,1,100.00%,0,0,0.00%,0,0,0.00%,1,,,,,,,,,,,,,,,,100,,,,,,,,0,,0,,,,,,,,,,1,,Never Blocked,,
1397,A2QWSXEG14C7H0,https://gamma-requester.mturk.com/workers/A2QWSXEG14C7H0,1,1,100.00%,0,0,0.00%,0,0,0.00%,1,,,,,,,,,,,,,,,,100,,,,,,,,0,,0,,,,,,1,,,,,,Never Blocked,,
1398,A2QX333VW85IYZ,https://gamma-requester.mturk.com/workers/A2QX333VW85IYZ,1,1,100.00%,0,0,0.00%,0,0,0.00%,,,,,,,,,,,1,,,,,,1,,,,,,,,,,,,,,,,,,,,,,Never Blocked,,
1399,A2R0YYUAWNT7UD,https://gamma-requester.mturk.com/workers/A2R0YYUAWNT7UD,1,1,100.00%,0,0,0.00%,0,0,0.00%,1,,,,,,,,,,,,,,,,100,,,,,,,,0,,0,,,,,,,,,,,,Never Blocked,,
1400,A2R1LWOGQJTGRL,https://gamma-requester.mturk.com/workers/A2R1LWOGQJTGRL,1,1,100.00%,0,0,0.00%,0,0,0.00%,1,,,,,,,,,,,,,,,,100,,,,,,,,0,,0,,,,,,,,,,,,Never Blocked,,
1401,A2R28I9SM3G0YL,https://gamma-requester.mturk.com/workers/A2R28I9SM3G0YL,1,1,100.00%,0,0,0.00%,0,0,0.00%,,,,,,,,,,,,,,,,,1,,,,,,,,,,,,,,,,,,,,,,Never Blocked,,
1402,A2R2ZA0STNZX9S,https://gamma-requester.mturk.com/workers/A2R2ZA0STNZX9S,1,1,100.00%,0,0,0.00%,0,0,0.00%,,,,,,,,,,,,,,,,,100,,,,,,,,,,,,,,,,,,,,,,Never Blocked,,
1403,A2R3E1R2VHKTB1,https://gamma-requester.mturk.com/workers/A2R3E1R2VHKTB1,2,2,100.00%,0,0,0.00%,0,0,0.00%,,,,,,,,,,,1,,,,,,1,,,,,,,,,,,,,,,,,,,,,,Never Blocked,,
1404,A2R3FWVNZXVUHK,https://gamma-requester.mturk.com/workers/A2R3FWVNZXVUHK,1,1,100.00%,0,0,0.00%,0,0,0.00%,1,,,,,,,,,,,,,,,,100,,,,,,,,0,,0,,,,,,1,,,,,,Never Blocked,,
1405,A2R4U3FT6ABPBU,https://gamma-requester.mturk.com/workers/A2R4U3FT6ABPBU,0,0,0.00%,0,0,0.00%,0,0,0.00%,,,,,,,,,,,,,,1,,,,,,,,,,,,,,,,,,,,,,,,,Never Blocked,,
1406,A2R5TVQYSZE74K,https://gamma-requester.mturk.com/workers/A2R5TVQYSZE74K,1,1,100.00%,0,0,0.00%,0,0,0.00%,1,,,,,,,,,,,,,,,,100,,,,,,,,0,,0,,,,,,,,,,1,,Never Blocked,,
1407,A2R75YFKVALBXE,https://gamma-requester.mturk.com/workers/A2R75YFKVALBXE,1,1,100.00%,0,0,0.00%,0,0,0.00%,1,,,,,,,,,,,,,,,,100,,,,,,,,0,,0,,,,,,,,,,1,,Never Blocked,,
1408,A2R89SR0ZHPSST,https://gamma-requester.mturk.com/workers/A2R89SR0ZHPSST,1,1,100.00%,0,0,0.00%,0,0,0.00%,,,,,,,,,,,,,,,,,1,,,,,,,,,,,,,,,,,,,,,,Never Blocked,,
1409,A2R99OKTW7QVER,https://gamma-requester.mturk.com/workers/A2R99OKTW7QVER,1,1,100.00%,0,0,0.00%,0,0,0.00%,,,,,,,,,,,,,,,,,1,,,,,,,,,,,,,,,,,,,,,,Never Blocked,,
1410,A2R9QZC9XZJZJO,https://gamma-requester.mturk.com/workers/A2R9QZC9XZJZJO,5,5,100.00%,0,0,0.00%,0,0,0.00%,1,,,,,,,,,,,,,,,,100,,,,,,,,1,,1,,1,,1,,1,,,,,,Never Blocked,,
1411,A2RC45D8LPJ39B,https://gamma-requester.mturk.com/workers/A2RC45D8LPJ39B,1,1,100.00%,0,0,0.00%,0,0,0.00%,,,,,,,,,,,,,,,,,,,,,,,,,,,,,,,,,,,1,,,,Never Blocked,,
1412,A2RCYLKY072XXO,https://gamma-requester.mturk.com/workers/A2RCYLKY072XXO,1,1,100.00%,0,0,0.00%,0,0,0.00%,1,,,,,,,,,,,,,,,,100,,,,,,,,0,,0,,,,,,,,,,1,,Never Blocked,,
1413,A2RD6VZEEBXMLM,https://gamma-requester.mturk.com/workers/A2RD6VZEEBXMLM,3,3,100.00%,0,0,0.00%,0,0,0.00%,1,,,,,,,,,,,,,,,,100,,,,,,,,0,,0,,1,,1,,1,,,,,,Never Blocked,,
1414,A2RE8G7FOGBR3W,https://gamma-requester.mturk.com/workers/A2RE8G7FOGBR3W,3,3,100.00%,0,0,0.00%,0,0,0.00%,,,,,,,,,,,1,,,,,,1,,,,,,,,,,,,,,,,,,,,,,Never Blocked,,
1415,A2RGHUEITGT0MG,https://gamma-requester.mturk.com/workers/A2RGHUEITGT0MG,1,1,100.00%,0,0,0.00%,0,0,0.00%,1,,,,,,,,,,,,,,,,100,,,,,,,,0,,0,,,,,,,,,,,,Never Blocked,,
1416,A2RHJT0OMA09YH,https://gamma-requester.mturk.com/workers/A2RHJT0OMA09YH,3,3,100.00%,0,0,0.00%,0,0,0.00%,1,,,,,,,,,,,,,,,,100,,,,,,,,0,,0,,1,,1,,1,,,,,,Never Blocked,,
1417,A2RSBH1E3TEESG,https://gamma-requester.mturk.com/workers/A2RSBH1E3TEESG,3,3,100.00%,0,0,0.00%,0,0,0.00%,,,,,,,1,,,,,,,,1,,,,,,,,,,,,,,,,,,,,,,,,Never Blocked,,
1418,A2RV68359B1HJ8,https://gamma-requester.mturk.com/workers/A2RV68359B1HJ8,1,1,100.00%,0,0,0.00%,0,0,0.00%,1,,,,,,,,,,,,,,,,100,,,,,,,,0,,0,,,,,,,,,,1,,Never Blocked,,
1419,A2RVKCWL2W3C5B,https://gamma-requester.mturk.com/workers/A2RVKCWL2W3C5B,2,2,100.00%,0,0,0.00%,0,0,0.00%,,,,,,,,,,,,,,,1,,,,,,,,1,,,,,,,,,,,,,,,,Never Blocked,,
1420,A2RWESHZZ2VYN7,https://gamma-requester.mturk.com/workers/A2RWESHZZ2VYN7,1,1,100.00%,0,0,0.00%,0,0,0.00%,1,,,,,,,,,,,,,,,,100,,,,,,,,0,,0,,,,,,,,,,,,Never Blocked,,
1421,A2RWLFIP23FZA7,https://gamma-requester.mturk.com/workers/A2RWLFIP23FZA7,3,3,100.00%,0,0,0.00%,0,0,0.00%,1,,,,,,1,,,,,,,,,,100,,,,,,,,0,,0,,,,,,1,,,,,,Never Blocked,,
1422,A2RZL46A5M4C5D,https://gamma-requester.mturk.com/workers/A2RZL46A5M4C5D,4,4,100.00%,0,0,0.00%,0,0,0.00%,1,,,,,,,,,,,,,,,,100,,,,,,,,0,,1,,1,,1,,1,,,,,,Never Blocked,,
1423,A2RZYTE48OHTMZ,https://gamma-requester.mturk.com/workers/A2RZYTE48OHTMZ,1,1,100.00%,0,0,0.00%,0,0,0.00%,,,,,,,,,,,,,,,,,100,,,,,,,,,,,,,,,,,,,,,,Never Blocked,,
1424,A2S00V7RUU121E,https://gamma-requester.mturk.com/workers/A2S00V7RUU121E,1,1,100.00%,0,0,0.00%,0,0,0.00%,1,,,,,,,,,,,,,,,,100,,,,,,,,0,,0,,,,,,,,,,,,Never Blocked,,
1425,A2S0V4DS8USCU5,https://gamma-requester.mturk.com/workers/A2S0V4DS8USCU5,1,1,100.00%,0,0,0.00%,0,0,0.00%,,,,,,,,,,,,,,,1,,,,,,,,1,,,,,,,,,,,,,,,,Never Blocked,,
1426,A2S19LCE8VGY0U,https://gamma-requester.mturk.com/workers/A2S19LCE8VGY0U,1,1,100.00%,0,0,0.00%,0,0,0.00%,1,,,,,,,,,,,,,,,,100,,,,,,,,0,,0,,,,,,,,,,,,Never Blocked,,
1427,A2S4BU23GT93ZD,https://gamma-requester.mturk.com/workers/A2S4BU23GT93ZD,1,1,100.00%,0,0,0.00%,0,0,0.00%,1,,,,,,,,,,,,,,,,100,,,,,,,,0,,0,,,,,,1,,,,,,Never Blocked,,
1428,A2S591ZMEWMA5C,https://gamma-requester.mturk.com/workers/A2S591ZMEWMA5C,1,1,100.00%,0,0,0.00%,0,0,0.00%,1,,,,,,,,,,,,,,,,100,,,,,,,,0,,0,,,,,,,,,,1,,Never Blocked,,
1429,A2S7M4RSX6ZF5Z,https://gamma-requester.mturk.com/workers/A2S7M4RSX6ZF5Z,1,1,100.00%,0,0,0.00%,0,0,0.00%,1,,,,,,,,,,,,,,,,100,,,,,,,,0,,0,,,,,,,,,,1,,Never Blocked,,
1430,A2S95C6RJJBD29,https://gamma-requester.mturk.com/workers/A2S95C6RJJBD29,2,2,100.00%,0,0,0.00%,0,0,0.00%,,,,,,,,,1,,,,,,,,1,,,,,,,,,,,,,,,,,,,,,,Never Blocked,,
1431,A2SBIZUWOKE3F7,https://gamma-requester.mturk.com/workers/A2SBIZUWOKE3F7,1,1,100.00%,0,0,0.00%,0,0,0.00%,1,,,,,,,,,,,,,,,,100,,,,,,,,0,,0,,,,,,1,,,,,,Never Blocked,,
1432,A2SH17MQ49KCSO,https://gamma-requester.mturk.com/workers/A2SH17MQ49KCSO,1,1,100.00%,0,0,0.00%,0,0,0.00%,1,,,,,,,,,,,,,,,,100,,,,,,,,0,,0,,,,,,1,,,,,,Never Blocked,,
1433,A2SHKOZJ1Y0YT4,https://gamma-requester.mturk.com/workers/A2SHKOZJ1Y0YT4,1,1,100.00%,0,0,0.00%,0,0,0.00%,1,,,,,,,,,,,,,,,,100,,,,,,,,0,,0,,,,,,,,,,1,,Never Blocked,,
1434,A2SJC9VRBGNC58,https://gamma-requester.mturk.com/workers/A2SJC9VRBGNC58,1,1,100.00%,0,0,0.00%,0,0,0.00%,1,,,,,,,,,,,,,,,,100,,,,,,,,0,,0,,,,,,,,,,1,,Never Blocked,,
1435,A2SJXW30OWHZG,https://gamma-requester.mturk.com/workers/A2SJXW30OWHZG,1,1,100.00%,0,0,0.00%,0,0,0.00%,1,,,,,,,,,,,,,,,,100,,,,,,,,0,,0,,,,,,,,,,,,Never Blocked,,
1436,A2SM2CGJ7W1R60,https://gamma-requester.mturk.com/workers/A2SM2CGJ7W1R60,1,0,0.00%,0,0,0.00%,0,0,0.00%,,,,,,,,,,,,,,,1,,,,,,,,,,,,,,,,,,,,,,,,Never Blocked,,
1437,A2SOHTPWH4VGP5,https://gamma-requester.mturk.com/workers/A2SOHTPWH4VGP5,1,1,100.00%,0,0,0.00%,0,0,0.00%,1,,,,,,,,,,,,,,,,100,,,,,,,,0,,0,,,,,,,,,,1,,Never Blocked,,
1438,A2SP949AA8MGFZ,https://gamma-requester.mturk.com/workers/A2SP949AA8MGFZ,1,1,100.00%,0,0,0.00%,0,0,0.00%,1,,,,,,,,,,,,,,,,100,,,,,,,,0,,0,,,,,,,,,,,,Never Blocked,,
1439,A2SPCX677KPO7H,https://gamma-requester.mturk.com/workers/A2SPCX677KPO7H,0,0,0.00%,0,0,0.00%,0,0,0.00%,,,,,,,,,,,,,,1,,,,,,,,,,,,,,,,,,,,,,,,,Never Blocked,,
1440,A2SPEITP0H9DOC,https://gamma-requester.mturk.com/workers/A2SPEITP0H9DOC,5,5,100.00%,0,0,0.00%,0,0,0.00%,1,,,,,,,,,,,,,,,,100,,,,,,,,1,,1,,1,,1,,1,,,,,,Never Blocked,,
1441,A2ST86YP0N2X5J,https://gamma-requester.mturk.com/workers/A2ST86YP0N2X5J,1,1,100.00%,0,0,0.00%,0,0,0.00%,1,,,,,,,,,,,,,,,,100,,,,,,,,0,,0,,,,,,,,,,,,Never Blocked,,
1442,A2STRYBSFU7KCY,https://gamma-requester.mturk.com/workers/A2STRYBSFU7KCY,2,2,100.00%,0,0,0.00%,0,0,0.00%,,,,,,,,,,,,,,,1,,,,,,,,1,,,,,,,,,,,,,,,,Never Blocked,,
1443,A2T1LNI80EPOQR,https://gamma-requester.mturk.com/workers/A2T1LNI80EPOQR,1,1,100.00%,0,0,0.00%,0,0,0.00%,1,,,,,,,,,,,,,,,,100,,,,,,,,0,,0,,,,,,,,,,1,,Never Blocked,,
1444,A2T5CROJ0FWIJY,https://gamma-requester.mturk.com/workers/A2T5CROJ0FWIJY,3,3,100.00%,0,0,0.00%,0,0,0.00%,,,,,,,1,,,,1,,,,,,1,,,,,,,,,,,,,,,,,,,,,,Never Blocked,,
1445,A2T5M93NYLSGRY,https://gamma-requester.mturk.com/workers/A2T5M93NYLSGRY,2,2,100.00%,0,0,0.00%,0,0,0.00%,1,,,,,,,,,,,,,,,,100,,,,,,,,0,,0,,,,1,,1,,,,,,Never Blocked,,
1446,A2T9D0H880N2B5,https://gamma-requester.mturk.com/workers/A2T9D0H880N2B5,1,1,100.00%,0,0,0.00%,0,0,0.00%,1,,,,,,,,,,,,,,,,100,,,,,,,,0,,0,,,,,,,,,,,,Never Blocked,,
1447,A2TAMPLWAYL5WJ,https://gamma-requester.mturk.com/workers/A2TAMPLWAYL5WJ,1,1,100.00%,0,0,0.00%,0,0,0.00%,,,,,,,,,,,,,,,,,100,,,,,,,,,,,,,,,,,,,,,,Never Blocked,,
1448,A2TB72JCF109WF,https://gamma-requester.mturk.com/workers/A2TB72JCF109WF,1,1,100.00%,1,1,100.00%,0,0,0.00%,,,,,,,,,,,,,1,,,,,,,,,,,,,,,,,,,,,,,,,,Never Blocked,,
1449,A2TC7B46WQ695O,https://gamma-requester.mturk.com/workers/A2TC7B46WQ695O,2,2,100.00%,0,0,0.00%,0,0,0.00%,,,,,,,,,,,,,,,1,,100,,,,,,1,,,,,,,,,,,,,,,,Never Blocked,,
1450,A2TCX20FIMNWSS,https://gamma-requester.mturk.com/workers/A2TCX20FIMNWSS,2,2,100.00%,0,0,0.00%,0,0,0.00%,,,,,,,,,1,,,,,,,,1,,,,,,,,,,,,,,,,,,,,,,Never Blocked,,
1451,A2TDAROY6TK7R7,https://gamma-requester.mturk.com/workers/A2TDAROY6TK7R7,1,1,100.00%,0,0,0.00%,0,0,0.00%,1,,,,,,,,,,,,,,,,100,,,,,,,,0,,0,,,,,,,,,,1,,Never Blocked,,
1452,A2TDJIU8SZAYN8,https://gamma-requester.mturk.com/workers/A2TDJIU8SZAYN8,1,1,100.00%,0,0,0.00%,0,0,0.00%,,,,,,,,,,,1,,,,,,1,,,,,,,,,,,,,,,,,,,,,,Never Blocked,,
1453,A2TDK0LD62WZ8Y,https://gamma-requester.mturk.com/workers/A2TDK0LD62WZ8Y,4,4,100.00%,0,0,0.00%,0,0,0.00%,1,,,,,,,,,,,,,,,,100,,,,,,,,0,,0,,1,,1,,1,,,,,,Never Blocked,,
1454,A2TGHPIJ98QSKJ,https://gamma-requester.mturk.com/workers/A2TGHPIJ98QSKJ,1,1,100.00%,0,0,0.00%,0,0,0.00%,1,,,,,,,,,,,,,,,,100,,,,,,,,0,,0,,,,,,,,,,,,Never Blocked,,
1455,A2TI9ZTXN1GNTV,https://gamma-requester.mturk.com/workers/A2TI9ZTXN1GNTV,1,1,100.00%,0,0,0.00%,0,0,0.00%,,,,,,,,,,,,,,,,,100,,,,,,,,,,,,,,,,,,,,,,Never Blocked,,
1456,A2TM29JCFVDPM,https://gamma-requester.mturk.com/workers/A2TM29JCFVDPM,1,1,100.00%,0,0,0.00%,0,0,0.00%,1,,,,,,,,,,,,,,,,100,,,,,,,,0,,0,,,,,,,,,,,,Never Blocked,,
1457,A2TN5NSHC2BZ12,https://gamma-requester.mturk.com/workers/A2TN5NSHC2BZ12,1,1,100.00%,0,0,0.00%,0,0,0.00%,1,,,,,,,,,,,,,,,,100,,,,,,,,0,,0,,,,,,,,,,1,,Never Blocked,,
1458,A2TQ9IHDHCSQC8,https://gamma-requester.mturk.com/workers/A2TQ9IHDHCSQC8,2,2,100.00%,0,0,0.00%,0,0,0.00%,,,,,,,,,,,,,,,1,,,,,,,,1,,,,,,,,,,,,,,,,Never Blocked,,
1459,A2TSMMOZ9TN1R9,https://gamma-requester.mturk.com/workers/A2TSMMOZ9TN1R9,1,1,100.00%,0,0,0.00%,0,0,0.00%,1,,,,,,,,,,,,,,,,100,,,,,,,,0,,0,,,,,,,,,,,,Never Blocked,,
1460,A2TTYORXHJ7I23,https://gamma-requester.mturk.com/workers/A2TTYORXHJ7I23,1,1,100.00%,0,0,0.00%,0,0,0.00%,,,,,,,,,,,,,,,,,1,,,,,,,,,,,,,,,,,,,,,,Never Blocked,,
1461,A2TUUIV61CR0C7,https://gamma-requester.mturk.com/workers/A2TUUIV61CR0C7,1,1,100.00%,0,0,0.00%,0,0,0.00%,1,,,,,,,,,,,,,,,,100,,,,,,,,0,,0,,,,,,,,,,1,,Never Blocked,,
1462,A2TVG2HLMKVMSL,https://gamma-requester.mturk.com/workers/A2TVG2HLMKVMSL,1,1,100.00%,0,0,0.00%,0,0,0.00%,1,,,,,,,,,,,,,,,,100,,,,,,,,0,,0,,,,,,1,,,,,,Never Blocked,,
1463,A2TW985PTHOP3A,https://gamma-requester.mturk.com/workers/A2TW985PTHOP3A,0,0,0.00%,0,0,0.00%,0,0,0.00%,,,,,,,,,,,,,,1,,,,,,,,,,,,,,,,,,,,,,,,,Never Blocked,,
1464,A2TXZVXQU5FQZ9,https://gamma-requester.mturk.com/workers/A2TXZVXQU5FQZ9,3,3,100.00%,0,0,0.00%,0,0,0.00%,1,,,,,,,,,,,,,,,,100,,,,,,,,0,,0,,,,,,,,,,,,Never Blocked,,
1465,A2TZ84FWXKCHTF,https://gamma-requester.mturk.com/workers/A2TZ84FWXKCHTF,0,0,0.00%,0,0,0.00%,0,0,0.00%,,,,,,,,,,,,,,1,,,,,,,,,,,,,,,,,,,,,,,,,Never Blocked,,
1466,A2TZAXWOB3JMNV,https://gamma-requester.mturk.com/workers/A2TZAXWOB3JMNV,1,1,100.00%,0,0,0.00%,0,0,0.00%,1,,,,,,,,,,,,,,,,100,,,,,,,,0,,0,,,,,,,,,,,,Never Blocked,,
1467,A2TZH1PO9PXJRY,https://gamma-requester.mturk.com/workers/A2TZH1PO9PXJRY,1,1,100.00%,0,0,0.00%,0,0,0.00%,1,,,,,,,,,,,,,,,,100,,,,,,,,0,,0,,,,,,1,,,,,,Never Blocked,,
1468,A2TZVJFRJ5I61B,https://gamma-requester.mturk.com/workers/A2TZVJFRJ5I61B,1,1,100.00%,0,0,0.00%,0,0,0.00%,,,,,,,,,,,,,,,,,100,,,,,,,,,,,,,,,,,,,,,,Never Blocked,,
1469,A2U168YW4BPLJF,https://gamma-requester.mturk.com/workers/A2U168YW4BPLJF,4,4,100.00%,0,0,0.00%,0,0,0.00%,1,,,,,,,,,,,,,,,,100,,,,,,,,0,,1,,1,,1,,1,,,,,,Never Blocked,,
1470,A2U44IH2MUK32A,https://gamma-requester.mturk.com/workers/A2U44IH2MUK32A,2,2,100.00%,0,0,0.00%,0,0,0.00%,,,,,,,,,,,,,,,1,,,,,,,,1,,,,,,,,,,,,,,,,Never Blocked,,
1471,A2U5OFMW8H30PC,https://gamma-requester.mturk.com/workers/A2U5OFMW8H30PC,2,2,100.00%,0,0,0.00%,0,0,0.00%,,,,,,,,,,,,,,,,,100,,,,,,,,,,,,,,,,,,,,,,Never Blocked,,
1472,A2U7BMG19Q83GE,https://gamma-requester.mturk.com/workers/A2U7BMG19Q83GE,3,3,100.00%,0,0,0.00%,0,0,0.00%,1,,,,,,,,,,,,,,,,100,,,,,,,,0,,0,,1,,1,,1,,,,,,Never Blocked,,
1473,A2UAIDDWCO8JL1,https://gamma-requester.mturk.com/workers/A2UAIDDWCO8JL1,1,1,100.00%,0,0,0.00%,0,0,0.00%,,,,,,,,,,,,,,,,,1,,,,,,,,,,,,,,,,,,,,,,Never Blocked,,
1474,A2UB6NXKE5D2YU,https://gamma-requester.mturk.com/workers/A2UB6NXKE5D2YU,4,4,100.00%,0,0,0.00%,0,0,0.00%,1,,,,,,,,,,,,,,,,100,,,,,,,,0,,1,,1,,1,,1,,,,,,Never Blocked,,
1475,A2UCKZZI9KBBCV,https://gamma-requester.mturk.com/workers/A2UCKZZI9KBBCV,1,1,100.00%,0,0,0.00%,0,0,0.00%,1,,,,,,,,,,,,,,,,100,,,,,,,,0,,0,,,,,,1,,,,,,Never Blocked,,
1476,A2UCS2T0N5YJWK,https://gamma-requester.mturk.com/workers/A2UCS2T0N5YJWK,1,1,100.00%,0,0,0.00%,0,0,0.00%,,,,,,,,,,,,,,,,,1,,,,,,,,,,,,,,,,,,,,,,Never Blocked,,
1477,A2UETT92P31OCW,https://gamma-requester.mturk.com/workers/A2UETT92P31OCW,1,1,100.00%,0,0,0.00%,0,0,0.00%,1,,,,,,,,,,,,,,,,100,,,,,,,,0,,0,,,,,,,,,,1,,Never Blocked,,
1478,A2UGM73EHLK6XI,https://gamma-requester.mturk.com/workers/A2UGM73EHLK6XI,1,1,100.00%,0,0,0.00%,0,0,0.00%,1,,,,,,,,,,,,,,,,100,,,,,,,,0,,0,,,,,,1,,,,,,Never Blocked,,
1479,A2UH89RML7EI8K,https://gamma-requester.mturk.com/workers/A2UH89RML7EI8K,1,1,100.00%,0,0,0.00%,0,0,0.00%,1,,,,,,,,,,,,,,,,100,,,,,,,,0,,0,,,,,,,,,,,,Never Blocked,,
1480,A2UJDTH4OUS2C7,https://gamma-requester.mturk.com/workers/A2UJDTH4OUS2C7,1,1,100.00%,0,0,0.00%,0,0,0.00%,1,,,,,,,,,,,,,,,,100,,,,,,,,0,,0,,,,,,,,,,,,Never Blocked,,
1481,A2UJT0CG51K1YS,https://gamma-requester.mturk.com/workers/A2UJT0CG51K1YS,1,1,100.00%,0,0,0.00%,0,0,0.00%,1,,,,,,,,,,,,,,,,100,,,,,,,,0,,0,,,,,,,,,,1,,Never Blocked,,
1482,A2UKLEPUC4X9X2,https://gamma-requester.mturk.com/workers/A2UKLEPUC4X9X2,1,1,100.00%,0,0,0.00%,0,0,0.00%,1,,,,,,,,,,,,,,,,100,,,,,,,,0,,0,,,,,,,,,,,,Never Blocked,,
1483,A2ULK971YXBM88,https://gamma-requester.mturk.com/workers/A2ULK971YXBM88,1,1,100.00%,0,0,0.00%,0,0,0.00%,1,,,,,,,,,,,,,,,,100,,,,,,,,0,,0,,,,,,,,,,,,Never Blocked,,
1484,A2UNQWPYBW9LPY,https://gamma-requester.mturk.com/workers/A2UNQWPYBW9LPY,1,1,100.00%,0,0,0.00%,0,0,0.00%,,,,,,,,,,,,,,,,,,,,,,,,,,,,,,,,,,,,,,,Never Blocked,,
1485,A2UOSEPGNUITM8,https://gamma-requester.mturk.com/workers/A2UOSEPGNUITM8,1,1,100.00%,0,0,0.00%,0,0,0.00%,1,,,,,,,,,,,,,,,,100,,,,,,,,0,,0,,,,,,,,,,,,Never Blocked,,
1486,A2URG5278Q6K64,https://gamma-requester.mturk.com/workers/A2URG5278Q6K64,1,1,100.00%,0,0,0.00%,0,0,0.00%,,,,,,,,,,,,,,,,,,,,,,,,,,,,,,,,,,,1,,,,Never Blocked,,
1487,A2UTNTE8E0ROOU,https://gamma-requester.mturk.com/workers/A2UTNTE8E0ROOU,1,1,100.00%,0,0,0.00%,0,0,0.00%,,,,,,,,,,,,,,,,,,,,,,,,,,,,,,,,,,,,,,,Never Blocked,,
1488,A2UUGKP2L3G5KD,https://gamma-requester.mturk.com/workers/A2UUGKP2L3G5KD,0,0,0.00%,0,0,0.00%,0,0,0.00%,,,,,,,,,,,,,,1,,,,,,,,,,,,,,,,,,,,,,,,,Never Blocked,,
1489,A2UWEAIX8UZXAQ,https://gamma-requester.mturk.com/workers/A2UWEAIX8UZXAQ,2,2,100.00%,0,0,0.00%,0,0,0.00%,,,,,,,,,,,,,,,1,,,,,,,,1,,,,,,,,,,,,,,,,Never Blocked,,
1490,A2V22XAP1UMGOK,https://gamma-requester.mturk.com/workers/A2V22XAP1UMGOK,1,1,100.00%,0,0,0.00%,0,0,0.00%,,,,,,,,,,,,,,,1,,,,,,,,1,,,,,,,,,,,,,,,,Never Blocked,,
1491,A2V27A9GZA1NR2,https://gamma-requester.mturk.com/workers/A2V27A9GZA1NR2,2,2,100.00%,0,0,0.00%,0,0,0.00%,,,,,,,,,,,1,,,,,,1,,,,,,,,,,,,,,,,,,,,,,Never Blocked,,
1492,A2V2BST7EQCP5Q,https://gamma-requester.mturk.com/workers/A2V2BST7EQCP5Q,1,1,100.00%,0,0,0.00%,0,0,0.00%,1,,,,,,,,,,,,,,,,100,,,,,,,,0,,0,,,,,,,,,,1,,Never Blocked,,
1493,A2V40O5BS984O8,https://gamma-requester.mturk.com/workers/A2V40O5BS984O8,3,3,100.00%,0,0,0.00%,0,0,0.00%,1,,,,,,,,,,,,,,,,100,,,,,,,,0,,0,,1,,1,,1,,,,,,Never Blocked,,
1494,A2V6E7SGEU0EFD,https://gamma-requester.mturk.com/workers/A2V6E7SGEU0EFD,2,2,100.00%,0,0,0.00%,0,0,0.00%,,,,,,,,,,,,,,,,,,,,,1,,,,,,,,,,,,,,,,,,Never Blocked,,
1495,A2V995T3ER2ACH,https://gamma-requester.mturk.com/workers/A2V995T3ER2ACH,1,1,100.00%,0,0,0.00%,0,0,0.00%,1,,,,,,,,,,,,,,,,100,,,,,,,,0,,0,,,,,,,,,,,,Never Blocked,,
1496,A2VA74E0XFNEM1,https://gamma-requester.mturk.com/workers/A2VA74E0XFNEM1,1,1,100.00%,0,0,0.00%,0,0,0.00%,1,,,,,,,,,,,,,,,,100,,,,,,,,0,,0,,,,,,,,,,,,Never Blocked,,
1497,A2VAPORVL4FQO,https://gamma-requester.mturk.com/workers/A2VAPORVL4FQO,1,1,100.00%,0,0,0.00%,0,0,0.00%,1,,,,,,,,,,,,,,,,100,,,,,,,,0,,0,,,,,,,,,,1,,Never Blocked,,
1498,A2VEC20X98U3VC,https://gamma-requester.mturk.com/workers/A2VEC20X98U3VC,1,1,100.00%,1,1,100.00%,0,0,0.00%,,,,,,,,,,,,,1,,,,,,,,,,,,,,,,,,,,,,,,,,Never Blocked,,
1499,A2VF6506WDNXKS,https://gamma-requester.mturk.com/workers/A2VF6506WDNXKS,1,1,100.00%,0,0,0.00%,0,0,0.00%,1,,,,,,,,,,,,,,,,100,,,,,,,,0,,0,,,,,,,,,,1,,Never Blocked,,
1500,A2VFEDAK5C1E1O,https://gamma-requester.mturk.com/workers/A2VFEDAK5C1E1O,1,1,100.00%,0,0,0.00%,0,0,0.00%,1,,,,,,,,,,,,,,,,100,,,,,,,,0,,0,,,,,,,,,,1,,Never Blocked,,
1501,A2VH3BJ356DWGX,https://gamma-requester.mturk.com/workers/A2VH3BJ356DWGX,1,1,100.00%,0,0,0.00%,0,0,0.00%,1,,,,,,,,,,,,,,,,100,,,,,,,,0,,0,,,,,,,,,,1,,Never Blocked,,
1502,A2VHF58R3IRD25,https://gamma-requester.mturk.com/workers/A2VHF58R3IRD25,2,2,100.00%,0,0,0.00%,0,0,0.00%,1,,,,,,,,,,,,,,,,100,,,,,,,,0,,0,,,,1,,1,,,,,,Never Blocked,,
1503,A2VIKCIM9TZL22,https://gamma-requester.mturk.com/workers/A2VIKCIM9TZL22,2,2,100.00%,0,0,0.00%,0,0,0.00%,,,,,,,,,,,1,,,,,,1,,,,,,,,,,,,,,,,,,,,,,Never Blocked,,
1504,A2VLTSW6CXIUMR,https://gamma-requester.mturk.com/workers/A2VLTSW6CXIUMR,2,2,100.00%,0,0,0.00%,0,0,0.00%,,,,,,,,,,,,,,,,,,,,,1,,,,,,,,,,,,,,1,,,,Never Blocked,,
1505,A2VN8Q8X7WWIM,https://gamma-requester.mturk.com/workers/A2VN8Q8X7WWIM,5,5,100.00%,0,0,0.00%,0,0,0.00%,1,,,,,,,,,,,,,,,,100,,,,,,,,1,,1,,1,,1,,1,,,,,,Never Blocked,,
1506,A2VNNR2IWI8TKL,https://gamma-requester.mturk.com/workers/A2VNNR2IWI8TKL,1,1,100.00%,0,0,0.00%,0,0,0.00%,1,,,,,,,,,,,,,,,,100,,,,,,,,0,,0,,,,,,,,,,,,Never Blocked,,
1507,A2VNSNAN1LZBAM,https://gamma-requester.mturk.com/workers/A2VNSNAN1LZBAM,4,4,100.00%,0,0,0.00%,0,0,0.00%,1,,,,,,,,,,,,,,,,100,,,,,,,,0,,1,,1,,1,,1,,,,,,Never Blocked,,
1508,A2VO0CD0Z21DE4,https://gamma-requester.mturk.com/workers/A2VO0CD0Z21DE4,2,2,100.00%,0,0,0.00%,0,0,0.00%,,,,,,,,,1,,,,,,,,1,,,,,,,,,,,,,,,,,,,,,,Never Blocked,,
1509,A2VO8C41JJIQY9,https://gamma-requester.mturk.com/workers/A2VO8C41JJIQY9,4,4,100.00%,0,0,0.00%,0,0,0.00%,1,,,,,,,,,,,,,1,,,100,,,,1,,,,0,,0,,,,,,,,,,1,,Never Blocked,,
1510,A2VP0TNWIJVKA8,https://gamma-requester.mturk.com/workers/A2VP0TNWIJVKA8,1,1,100.00%,0,0,0.00%,0,0,0.00%,1,,,,,,,,,,,,,,,,100,,,,,,,,0,,0,,,,,,,,,,1,,Never Blocked,,
1511,A2VPCWI6X1QCDF,https://gamma-requester.mturk.com/workers/A2VPCWI6X1QCDF,1,1,100.00%,0,0,0.00%,0,0,0.00%,1,,,,,,,,,,,,,,,,100,,,,,,,,0,,0,,,,,,,,,,,,Never Blocked,,
1512,A2VPW36ZRA24FV,https://gamma-requester.mturk.com/workers/A2VPW36ZRA24FV,0,0,0.00%,0,0,0.00%,0,0,0.00%,,,,,,,,,,,,,,1,,,,,,,,,,,,,,,,,,,,,,,,,Never Blocked,,
1513,A2VR9O234UCT9T,https://gamma-requester.mturk.com/workers/A2VR9O234UCT9T,1,1,100.00%,0,0,0.00%,0,0,0.00%,,,,,,,,,,,,,,,,,,,,,,,,,,,,,,,,,,,,,,,Never Blocked,,
1514,A2VSC1O70OUB7F,https://gamma-requester.mturk.com/workers/A2VSC1O70OUB7F,2,2,100.00%,0,0,0.00%,0,0,0.00%,1,,,,,,,,,,,,,,,,100,,,,,,,,0,,0,,,,1,,1,,,,,,Never Blocked,,
1515,A2VTUR86NML1F8,https://gamma-requester.mturk.com/workers/A2VTUR86NML1F8,1,1,100.00%,0,0,0.00%,0,0,0.00%,1,,,,,,,,,,,,,,,,100,,,,,,,,0,,0,,,,,,1,,,,,,Never Blocked,,
1516,A2VUGPK6EL1HD2,https://gamma-requester.mturk.com/workers/A2VUGPK6EL1HD2,1,1,100.00%,1,1,100.00%,0,0,0.00%,,,,,,,,,,,,,1,,,,,,,,,,,,,,,,,,,,,,,,,,Never Blocked,,
1517,A2VV5VCLEUSS84,https://gamma-requester.mturk.com/workers/A2VV5VCLEUSS84,4,4,100.00%,0,0,0.00%,0,0,0.00%,1,,,,,,,,,,,,,,,,100,,,,,,,,0,,1,,1,,1,,1,,,,,,Never Blocked,,
1518,A2VY5GKTXHLC8Q,https://gamma-requester.mturk.com/workers/A2VY5GKTXHLC8Q,4,4,100.00%,0,0,0.00%,0,0,0.00%,,,,,,,,,1,,,,,,,,1,,,,1,,,,,,,,,,,,,,,,,,Never Blocked,,
1519,A2VZBQLSFZC519,https://gamma-requester.mturk.com/workers/A2VZBQLSFZC519,1,1,100.00%,0,0,0.00%,0,0,0.00%,,,,,,,,,,,,,,,,,1,,,,,,,,,,,,,,,,,,,,,,Never Blocked,,
1520,A2W2UF6S3WG0KI,https://gamma-requester.mturk.com/workers/A2W2UF6S3WG0KI,1,1,100.00%,0,0,0.00%,0,0,0.00%,,,,,,,,,,,,,,,,,100,,,,,,,,,,,,,,,,,,,,,,Never Blocked,,
1521,A2W5PAZJG6X8Q8,https://gamma-requester.mturk.com/workers/A2W5PAZJG6X8Q8,1,1,100.00%,0,0,0.00%,0,0,0.00%,1,,,,,,,,,,,,,,,,100,,,,,,,,0,,0,,,,,,,,,,,,Never Blocked,,
1522,A2W5X6R3FUZERZ,https://gamma-requester.mturk.com/workers/A2W5X6R3FUZERZ,1,1,100.00%,0,0,0.00%,0,0,0.00%,,,,,,,,,,,1,,,,,,1,,,,,,,,,,,,,,,,,,,,,,Never Blocked,,
1523,A2W9K7MD8N7DAM,https://gamma-requester.mturk.com/workers/A2W9K7MD8N7DAM,1,1,100.00%,0,0,0.00%,0,0,0.00%,,,,,,,,,,,,,,,,,1,,,,,,,,,,,,,,,,,,,,,,Never Blocked,,
1524,A2WBGRTWOXDE6M,https://gamma-requester.mturk.com/workers/A2WBGRTWOXDE6M,1,1,100.00%,0,0,0.00%,0,0,0.00%,1,,,,,,,,,,,,,,,,100,,,,,,,,0,,0,,,,,,,,,,1,,Never Blocked,,
1525,A2WBSO2752S63O,https://gamma-requester.mturk.com/workers/A2WBSO2752S63O,1,1,100.00%,0,0,0.00%,0,0,0.00%,1,,,,,,,,,,,,,,,,100,,,,,,,,0,,0,,,,,,,,,,,,Never Blocked,,
1526,A2WDF40FA670T9,https://gamma-requester.mturk.com/workers/A2WDF40FA670T9,1,1,100.00%,0,0,0.00%,0,0,0.00%,,,,,,,,,,,,,,,,,,,,,,,,,,,,,,,,,,,,,,,Never Blocked,,
1527,A2WHAIUPGYCFN6,https://gamma-requester.mturk.com/workers/A2WHAIUPGYCFN6,2,2,100.00%,0,0,0.00%,0,0,0.00%,,,,,,,,,,,,,,,1,,,,,,,,1,,,,,,,,,,,,,,,,Never Blocked,,
1528,A2WJ1KQW2UBTG6,https://gamma-requester.mturk.com/workers/A2WJ1KQW2UBTG6,1,1,100.00%,0,0,0.00%,0,0,0.00%,,,,,,,,,,,,,,,,,1,,,,,,,,,,,,,,,,,,,,,,Never Blocked,,
1529,A2WJMGV0HKQG3Z,https://gamma-requester.mturk.com/workers/A2WJMGV0HKQG3Z,2,2,100.00%,0,0,0.00%,0,0,0.00%,,,,,,,,,1,,,,,,,,1,,,,,,,,,,,,,,,,,,,,,,Never Blocked,,
1530,A2WNTI69VVVWMZ,https://gamma-requester.mturk.com/workers/A2WNTI69VVVWMZ,1,1,100.00%,0,0,0.00%,0,0,0.00%,1,,,,,,,,,,,,,,,,100,,,,,,,,0,,0,,,,,,,,,,,,Never Blocked,,
1531,A2WQCDJND6160I,https://gamma-requester.mturk.com/workers/A2WQCDJND6160I,1,1,100.00%,0,0,0.00%,0,0,0.00%,,,,,,,,,1,,,,,,,,1,,,,,,,,,,,,,,,,,,,,,,Never Blocked,,
1532,A2WSNXVA7LQYSG,https://gamma-requester.mturk.com/workers/A2WSNXVA7LQYSG,1,1,100.00%,0,0,0.00%,0,0,0.00%,,,,,,,,,,,,,,1,,,,,,,,,,,,,,,,,,,,,,,,,Never Blocked,,
1533,A2WTSIFVDRSB2H,https://gamma-requester.mturk.com/workers/A2WTSIFVDRSB2H,0,0,0.00%,0,0,0.00%,0,0,0.00%,,,,,,,,,,,,,,1,,,,,,,,,,,,,,,,,,,,,,,,,Never Blocked,,
1534,A2WU2VYT4U5DZJ,https://gamma-requester.mturk.com/workers/A2WU2VYT4U5DZJ,1,1,100.00%,0,0,0.00%,0,0,0.00%,1,,,,,,,,,,,,,,,,100,,,,,,,,0,,0,,,,,,1,,,,,,Never Blocked,,
1535,A2WUXZOY4CRF5R,https://gamma-requester.mturk.com/workers/A2WUXZOY4CRF5R,1,1,100.00%,0,0,0.00%,0,0,0.00%,1,,,,,,,,,,,,,,,,100,,,,,,,,0,,0,,,,,,,,,,1,,Never Blocked,,
1536,A2WWYVKGZZXBOB,https://gamma-requester.mturk.com/workers/A2WWYVKGZZXBOB,1,1,100.00%,0,0,0.00%,0,0,0.00%,1,,,,,,,,,,,,,,,,100,,,,,,,,0,,0,,,,,,,,,,1,,Never Blocked,,
1537,A2X3FSFHV5GHJU,https://gamma-requester.mturk.com/workers/A2X3FSFHV5GHJU,1,1,100.00%,0,0,0.00%,0,0,0.00%,1,,,,,,,,,,,,,,,,100,,,,,,,,0,,0,,,,,,1,,,,,,Never Blocked,,
1538,A2X6JK36FJ3G3E,https://gamma-requester.mturk.com/workers/A2X6JK36FJ3G3E,1,1,100.00%,0,0,0.00%,0,0,0.00%,1,,,,,,,,,,,,,,,,100,,,,,,,,0,,0,,,,,,,,,,,,Never Blocked,,
1539,A2X860JPC26MD,https://gamma-requester.mturk.com/workers/A2X860JPC26MD,1,1,100.00%,0,0,0.00%,0,0,0.00%,,,,,,,,,,,,,,,,,,,,,,,,,,,,,,,,,,,,,,,Never Blocked,,
1540,A2X9SUTXY9RLWC,https://gamma-requester.mturk.com/workers/A2X9SUTXY9RLWC,1,1,100.00%,0,0,0.00%,0,0,0.00%,,,,,,,,,,,,,,,,,1,,,,,,,,,,,,,,,,,,,,,,Never Blocked,,
1541,A2XB75IN5BADG5,https://gamma-requester.mturk.com/workers/A2XB75IN5BADG5,1,1,100.00%,0,0,0.00%,0,0,0.00%,,,,,,,,,,,,,,,,,,,,,,,,,,,,,,,,,,,,,,,Never Blocked,,
1542,A2XDWB9NVYI3LQ,https://gamma-requester.mturk.com/workers/A2XDWB9NVYI3LQ,1,1,100.00%,0,0,0.00%,0,0,0.00%,,,,,,,,,,,,,,,,,,,,,1,,,,,,,,,,,,,,1,,,,Never Blocked,,
1543,A2XEIS6RR73HA9,https://gamma-requester.mturk.com/workers/A2XEIS6RR73HA9,1,1,100.00%,0,0,0.00%,0,0,0.00%,,,,,,,,,,,,,,,,,1,,,,,,,,,,,,,,,,,,,,,,Never Blocked,,
1544,A2XFO0X6RCS98M,https://gamma-requester.mturk.com/workers/A2XFO0X6RCS98M,2,2,100.00%,0,0,0.00%,0,0,0.00%,,,,,,,,,,,1,,,,,,1,,,,,,,,,,,,,,,,,,,,,,Never Blocked,,
1545,A2XHTI5J87OA9F,https://gamma-requester.mturk.com/workers/A2XHTI5J87OA9F,1,1,100.00%,0,0,0.00%,0,0,0.00%,1,,,,,,,,,,,,,,,,100,,,,,,,,0,,0,,,,,,,,,,,,Never Blocked,,
1546,A2XIE83LXWTJUE,https://gamma-requester.mturk.com/workers/A2XIE83LXWTJUE,1,1,100.00%,0,0,0.00%,0,0,0.00%,,,,,,,,,1,,,,,,,,1,,,,,,,,,,,,,,,,,,,,,,Never Blocked,,
1547,A2XK59FYAFO9EX,https://gamma-requester.mturk.com/workers/A2XK59FYAFO9EX,1,1,100.00%,0,0,0.00%,0,0,0.00%,1,,,,,,,,,,,,,,,,100,,,,,,,,0,,0,,,,,,,,,,1,,Never Blocked,,
1548,A2XLIB5Y2QSM8P,https://gamma-requester.mturk.com/workers/A2XLIB5Y2QSM8P,1,1,100.00%,0,0,0.00%,0,0,0.00%,,,,,,,,,,,,,,,1,,,,,,,,,,,,,,,,,,,,,,,,Never Blocked,,
1549,A2XMPKGRSG8E4F,https://gamma-requester.mturk.com/workers/A2XMPKGRSG8E4F,1,1,100.00%,1,1,100.00%,0,0,0.00%,,,,,,,,,,,,,1,,,,,,,,,,,,,,,,,,,,,,,,,,Never Blocked,,
1550,A2XNP4ZX3LB0W2,https://gamma-requester.mturk.com/workers/A2XNP4ZX3LB0W2,4,4,100.00%,0,0,0.00%,0,0,0.00%,1,,,,,,,,,,,,,,,,100,,,,,,,,0,,1,,1,,1,,1,,,,,,Never Blocked,,
1551,A2XNU8H7BXU1YX,https://gamma-requester.mturk.com/workers/A2XNU8H7BXU1YX,1,1,100.00%,0,0,0.00%,0,0,0.00%,1,,,,,,,,,,,,,,,,100,,,,,,,,0,,0,,,,,,1,,,,,,Never Blocked,,
1552,A2XO6MRD12CD52,https://gamma-requester.mturk.com/workers/A2XO6MRD12CD52,2,2,100.00%,0,0,0.00%,0,0,0.00%,1,,,,,,,,,,,,,,,,100,,,,,,,,0,,0,,,,,,1,,,,,,Never Blocked,,
1553,A2XS49LRNX8PD4,https://gamma-requester.mturk.com/workers/A2XS49LRNX8PD4,1,1,100.00%,0,0,0.00%,0,0,0.00%,1,,,,,,,,,,,,,,,,100,,,,,,,,0,,0,,,,,,,,,,1,,Never Blocked,,
1554,A2XSGALF8O9ISQ,https://gamma-requester.mturk.com/workers/A2XSGALF8O9ISQ,1,1,100.00%,0,0,0.00%,0,0,0.00%,1,,,,,,,,,,,,,,,,100,,,,,,,,0,,0,,,,,,,,,,1,,Never Blocked,,
1555,A2Y5IX1TVDKA61,https://gamma-requester.mturk.com/workers/A2Y5IX1TVDKA61,1,1,100.00%,0,0,0.00%,0,0,0.00%,1,,,,,,,,,,,,,,,,100,,,,,,,,0,,0,,,,,,,,,,,,Never Blocked,,
1556,A2Y67E6RYXCPWC,https://gamma-requester.mturk.com/workers/A2Y67E6RYXCPWC,1,1,100.00%,0,0,0.00%,0,0,0.00%,,,,,,,,,,,,,,,1,,,,,,,,1,,,,,,,,,,,,,,,,Never Blocked,,
1557,A2Y69684WT44XU,https://gamma-requester.mturk.com/workers/A2Y69684WT44XU,3,3,100.00%,1,1,100.00%,0,0,0.00%,,,,,,,,,,,,,1,,,,1,,,,1,,,,,,,,,,,,,,,,,,Never Blocked,,
1558,A2Y7N2C5G3TCR8,https://gamma-requester.mturk.com/workers/A2Y7N2C5G3TCR8,1,1,100.00%,0,0,0.00%,0,0,0.00%,1,,,,,,,,,,,,,,,,100,,,,,,,,0,,0,,,,,,,,,,,,Never Blocked,,
1559,A2YC6PEMIRSOAA,https://gamma-requester.mturk.com/workers/A2YC6PEMIRSOAA,1,1,100.00%,0,0,0.00%,0,0,0.00%,,,,,,,,,,,,,1,,,,100,,,,,,,,,,,,,,,,,,1,,,,Never Blocked,,
1560,A2YEV7PXJ7IFTL,https://gamma-requester.mturk.com/workers/A2YEV7PXJ7IFTL,1,1,100.00%,0,0,0.00%,0,0,0.00%,1,,,,,,,,,,,,,,,,100,,,,,,,,0,,0,,,,,,1,,,,,,Never Blocked,,
1561,A2YGOORS5N9RW8,https://gamma-requester.mturk.com/workers/A2YGOORS5N9RW8,2,2,100.00%,0,0,0.00%,0,0,0.00%,1,,,,,,,,,,,,,,,,100,,,,,,,,0,,0,,,,,,,,,,1,,Never Blocked,,
1562,A2YGZ409IST28,https://gamma-requester.mturk.com/workers/A2YGZ409IST28,2,2,100.00%,0,0,0.00%,0,0,0.00%,1,,,,,,,,,,,,,,,,100,,,,,,,,0,,0,,,,1,,1,,,,,,Never Blocked,,
1563,A2YIOEOXTOWKMK,https://gamma-requester.mturk.com/workers/A2YIOEOXTOWKMK,1,1,100.00%,0,0,0.00%,0,0,0.00%,,,,,,,,,,,,,,,,,100,,,,,,,,,,,,,,,,,,,,,,Never Blocked,,
1564,A2YK6945O0SP8N,https://gamma-requester.mturk.com/workers/A2YK6945O0SP8N,1,1,100.00%,0,0,0.00%,0,0,0.00%,,,,,,,,,,,,,,,,,,,,,,,,,,,,,,,,,,,1,,,,Never Blocked,,
1565,A2YM1IAXKAGPNL,https://gamma-requester.mturk.com/workers/A2YM1IAXKAGPNL,1,1,100.00%,0,0,0.00%,0,0,0.00%,1,,,,,,,,,,,,,,,,100,,,,,,,,0,,0,,,,,,,,,,,,Never Blocked,,
1566,A2YMX1Y6FVYNRS,https://gamma-requester.mturk.com/workers/A2YMX1Y6FVYNRS,1,1,100.00%,0,0,0.00%,0,0,0.00%,1,,,,,,,,,,,,,,,,100,,,,,,,,0,,0,,,,,,,,,,,,Never Blocked,,
1567,A2YP60DM1HYTH8,https://gamma-requester.mturk.com/workers/A2YP60DM1HYTH8,1,1,100.00%,0,0,0.00%,0,0,0.00%,1,,,,,,,,,,,,,,,,100,,,,,,,,0,,0,,,,,,,,,,1,,Never Blocked,,
1568,A2YQTWKFMQ9QQ2,https://gamma-requester.mturk.com/workers/A2YQTWKFMQ9QQ2,1,1,100.00%,0,0,0.00%,0,0,0.00%,,,,,,,,,,,,,,,,,1,,,,,,,,,,,,,,,,,,,,,,Never Blocked,,
1569,A2YR29YNFLZSUG,https://gamma-requester.mturk.com/workers/A2YR29YNFLZSUG,1,1,100.00%,0,0,0.00%,0,0,0.00%,1,,,,,,,,,,,,,,,,100,,,,,,,,0,,0,,,,,,1,,,,,,Never Blocked,,
1570,A2YR632UAUWTDL,https://gamma-requester.mturk.com/workers/A2YR632UAUWTDL,1,1,100.00%,0,0,0.00%,0,0,0.00%,1,,,,,,,,,,,,,,,,100,,,,,,,,0,,0,,,,,,,,,,1,,Never Blocked,,
1571,A2YVC1U50H2B4R,https://gamma-requester.mturk.com/workers/A2YVC1U50H2B4R,1,1,100.00%,0,0,0.00%,0,0,0.00%,1,,,,,,,,,,,,,,,,100,,,,,,,,0,,0,,,,,,,,,,1,,Never Blocked,,
1572,A2YVQKJX3FO6P,https://gamma-requester.mturk.com/workers/A2YVQKJX3FO6P,2,2,100.00%,0,0,0.00%,0,0,0.00%,,,,,,,,,,,,,,,,,,,,,1,,,,,,,,,,,,,,1,,,,Never Blocked,,
1573,A2Z03W0OORZLU8,https://gamma-requester.mturk.com/workers/A2Z03W0OORZLU8,1,1,100.00%,0,0,0.00%,0,0,0.00%,1,,,,,,,,,,,,,,,,100,,,,,,,,0,,0,,,,,,1,,,,,,Never Blocked,,
1574,A2Z2WC3DJQ38RH,https://gamma-requester.mturk.com/workers/A2Z2WC3DJQ38RH,2,2,100.00%,0,0,0.00%,0,0,0.00%,,,,,,,,,,,,,,,1,,,,,,,,1,,,,,,,,,,,,,,,,Never Blocked,,
1575,A2Z5949NQQNP2A,https://gamma-requester.mturk.com/workers/A2Z5949NQQNP2A,3,3,100.00%,0,0,0.00%,0,0,0.00%,1,,,,,,,,,,,,,,,,100,,,,,,,,0,,0,,1,,1,,1,,,,,,Never Blocked,,
1576,A2Z9PNETGAD9MS,https://gamma-requester.mturk.com/workers/A2Z9PNETGAD9MS,1,1,100.00%,0,0,0.00%,0,0,0.00%,,,,,,,,,,,,,,,,,100,,,,,,,,,,,,,,,,,,,,,,Never Blocked,,
1577,A2ZDIE0QWLF4WI,https://gamma-requester.mturk.com/workers/A2ZDIE0QWLF4WI,0,0,0.00%,0,0,0.00%,0,0,0.00%,,,,,,,,,,,,,,1,,,,,,,,,,,,,,,,,,,,,,,,,Never Blocked,,
1578,A2ZDIE1PGK7088,https://gamma-requester.mturk.com/workers/A2ZDIE1PGK7088,1,1,100.00%,1,1,100.00%,0,0,0.00%,,,,,,,,,,,,,1,,,,,,,,,,,,,,,,,,,,,,,,,,Never Blocked,,
1579,A2ZF1ZFTTQ619A,https://gamma-requester.mturk.com/workers/A2ZF1ZFTTQ619A,1,1,100.00%,0,0,0.00%,0,0,0.00%,1,,,,,,,,,,,,,,,,100,,,,,,,,0,,0,,,,,,,,,,,,Never Blocked,,
1580,A2ZHWGGGH028UZ,https://gamma-requester.mturk.com/workers/A2ZHWGGGH028UZ,2,2,100.00%,0,0,0.00%,0,0,0.00%,,,,,,,,,,,1,,,,,,1,,,,,,,,,,,,,,,,,,,,,,Never Blocked,,
1581,A2ZPSPA0R8KSL8,https://gamma-requester.mturk.com/workers/A2ZPSPA0R8KSL8,1,1,100.00%,0,0,0.00%,0,0,0.00%,1,,,,,,,,,,,,,,,,100,,,,,,,,0,,0,,,,,,,,,,,,Never Blocked,,
1582,A2ZQ6YD20GIL5L,https://gamma-requester.mturk.com/workers/A2ZQ6YD20GIL5L,2,2,100.00%,0,0,0.00%,0,0,0.00%,1,,,,,,,,,,,,,,,,100,,,,,,,,0,,0,,,,1,,1,,,,,,Never Blocked,,
1583,A2ZVNN5418E46A,https://gamma-requester.mturk.com/workers/A2ZVNN5418E46A,1,1,100.00%,1,1,100.00%,0,0,0.00%,,,,,,,,,,,,,1,,,,,,,,,,,,,,,,,,,,,,,,,,Never Blocked,,
1584,A2ZX7580NVWA6I,https://gamma-requester.mturk.com/workers/A2ZX7580NVWA6I,1,1,100.00%,0,0,0.00%,0,0,0.00%,1,,,,,,,,,,,,,,,,100,,,,,,,,0,,0,,,,,,,,,,,,Never Blocked,,
1585,A300G3PGI0NAO9,https://gamma-requester.mturk.com/workers/A300G3PGI0NAO9,1,1,100.00%,0,0,0.00%,0,0,0.00%,,,,,,,,,,,,,,,,,1,,,,,,,,,,,,,,,,,,,,,,Never Blocked,,
1586,A304UJAE051J89,https://gamma-requester.mturk.com/workers/A304UJAE051J89,3,3,100.00%,0,0,0.00%,0,0,0.00%,,,,,,,,,,,1,,,,,,1,,,,,,,,,,,,,,,,,,,,,,Never Blocked,,
1587,A306SRE7WZDAZS,https://gamma-requester.mturk.com/workers/A306SRE7WZDAZS,3,3,100.00%,0,0,0.00%,0,0,0.00%,,,,,,,,,1,,,,,,,,1,,,,,,,,,,,,,,,,,,1,,,,Never Blocked,,
1588,A309E9ZYRIL8X2,https://gamma-requester.mturk.com/workers/A309E9ZYRIL8X2,1,1,100.00%,0,0,0.00%,0,0,0.00%,1,,,,,,,,,,,,,,,,100,,,,,,,,0,,0,,,,,,,,,,1,,Never Blocked,,
1589,A30BQ091J0HL4D,https://gamma-requester.mturk.com/workers/A30BQ091J0HL4D,1,1,100.00%,0,0,0.00%,0,0,0.00%,,,,,,,,,,,,,,,1,,,,,,,,,,,,,,,,,,,,,,,,Never Blocked,,
1590,A30C7BD86P06O6,https://gamma-requester.mturk.com/workers/A30C7BD86P06O6,1,1,100.00%,0,0,0.00%,0,0,0.00%,,,,,,,,,,,,,,,1,,,,,,,,1,,,,,,,,,,,,,,,,Never Blocked,,
1591,A30CVB0SLB9OLN,https://gamma-requester.mturk.com/workers/A30CVB0SLB9OLN,1,1,100.00%,0,0,0.00%,0,0,0.00%,1,,,,,,,,,,,,,,,,100,,,,,,,,0,,0,,,,,,,,,,1,,Never Blocked,,
1592,A30FRPL9798W4Q,https://gamma-requester.mturk.com/workers/A30FRPL9798W4Q,1,1,100.00%,0,0,0.00%,0,0,0.00%,,,,,,,,,,,,,,,,,,,,,,,,,,,,,,,,,,,,,,,Never Blocked,,
1593,A30G113XRQO3VL,https://gamma-requester.mturk.com/workers/A30G113XRQO3VL,1,1,100.00%,0,0,0.00%,0,0,0.00%,1,,,,,,,,,,,,,,,,100,,,,,,,,0,,0,,,,,,1,,,,,,Never Blocked,,
1594,A30HUZHJBOX1LK,https://gamma-requester.mturk.com/workers/A30HUZHJBOX1LK,4,4,100.00%,0,0,0.00%,0,0,0.00%,1,,,,,,,,,,,,,,,,100,,,,,,,,0,,0,,1,,1,,1,,,,,,Never Blocked,,
1595,A30I2Y2HAAR3WM,https://gamma-requester.mturk.com/workers/A30I2Y2HAAR3WM,2,2,100.00%,0,0,0.00%,0,0,0.00%,,,,,,,,,,,1,,,,,,1,,,,,,,,,,,,,,,,,,,,,,Never Blocked,,
1596,A30KYNLCW7HHPO,https://gamma-requester.mturk.com/workers/A30KYNLCW7HHPO,1,1,100.00%,0,0,0.00%,0,0,0.00%,1,,,,,,,,,,,,,,,,100,,,,,,,,0,,0,,,,,,,,,,,,Never Blocked,,
1597,A30KYQGABO7JER,https://gamma-requester.mturk.com/workers/A30KYQGABO7JER,1,1,100.00%,0,0,0.00%,0,0,0.00%,1,,,,,,,,,,,,,,,,100,,,,,,,,0,,0,,,,,,,,,,1,,Never Blocked,,
1598,A30MACY2H1OFFY,https://gamma-requester.mturk.com/workers/A30MACY2H1OFFY,2,2,100.00%,0,0,0.00%,0,0,0.00%,,,,,,,,,1,,,,,,,,1,,,,,,,,,,,,,,,,,,,,,,Never Blocked,,
1599,A30MP4LXV4MIFD,https://gamma-requester.mturk.com/workers/A30MP4LXV4MIFD,1,1,100.00%,0,0,0.00%,0,0,0.00%,1,,,,,,,,,,,,,,,,100,,,,,,,,0,,0,,,,,,,,,,1,,Never Blocked,,
1600,A30NGIKN7761QK,https://gamma-requester.mturk.com/workers/A30NGIKN7761QK,2,2,100.00%,0,0,0.00%,0,0,0.00%,1,,,,,,,,,,,,,,,,100,,,,,,,,0,,0,,,,,,,,,,,,Never Blocked,,
1601,A30NTW5IK039YX,https://gamma-requester.mturk.com/workers/A30NTW5IK039YX,0,0,0.00%,0,0,0.00%,0,0,0.00%,,,,,,,,,,,,,,,,,,,,,,,,,,,,,,,,,,,,,,,Never Blocked,,
1602,A30O3RGJZZSMOE,https://gamma-requester.mturk.com/workers/A30O3RGJZZSMOE,3,3,100.00%,0,0,0.00%,0,0,0.00%,,,,,,,,,,,1,,,,,,1,,,,,,,,,,,,,,,,,,,,,,Never Blocked,,
1603,A30RAYNDOWQ61S,https://gamma-requester.mturk.com/workers/A30RAYNDOWQ61S,3,3,100.00%,0,0,0.00%,0,0,0.00%,,,,,,,1,,,,1,,,,,,1,,,,,,,,,,,,,,,,,,,,,,Never Blocked,,
1604,A30RTQC0LLY19K,https://gamma-requester.mturk.com/workers/A30RTQC0LLY19K,1,1,100.00%,0,0,0.00%,0,0,0.00%,1,,,,,,,,,,,,,,,,100,,,,,,,,0,,0,,,,,,,,,,,,Never Blocked,,
1605,A30UE6DWFNUCWX,https://gamma-requester.mturk.com/workers/A30UE6DWFNUCWX,1,1,100.00%,0,0,0.00%,0,0,0.00%,1,,,,,,,,,,,,,,,,100,,,,,,,,0,,0,,,,,,,,,,1,,Never Blocked,,
1606,A30W987G9S6F0G,https://gamma-requester.mturk.com/workers/A30W987G9S6F0G,1,1,100.00%,0,0,0.00%,0,0,0.00%,1,,,,,,,,,,,,,,,,100,,,,,,,,0,,0,,,,,,,,,,1,,Never Blocked,,
1607,A30ZYYC8NYLJ59,https://gamma-requester.mturk.com/workers/A30ZYYC8NYLJ59,2,2,100.00%,0,0,0.00%,0,0,0.00%,,,,,,,,,,,1,,,,,,1,,,,,,,,,,,,,,,,,,,,,,Never Blocked,,
1608,A315ZG72CPNAHV,https://gamma-requester.mturk.com/workers/A315ZG72CPNAHV,4,4,100.00%,0,0,0.00%,0,0,0.00%,1,,,,,,,,,,,,,,,,100,,,,,,,,0,,0,,1,,1,,1,,,,,,Never Blocked,,
1609,A318M33K2896OL,https://gamma-requester.mturk.com/workers/A318M33K2896OL,1,1,100.00%,0,0,0.00%,0,0,0.00%,1,,,,,,,,,,,,,,,,100,,,,,,,,0,,0,,,,,,,,,,1,,Never Blocked,,
1610,A3197EMDUFJOOQ,https://gamma-requester.mturk.com/workers/A3197EMDUFJOOQ,1,1,100.00%,0,0,0.00%,0,0,0.00%,1,,,,,,,,,,,,,,,,100,,,,,,,,0,,0,,,,,,,,,,1,,Never Blocked,,
1611,A319L0NR0HP2DM,https://gamma-requester.mturk.com/workers/A319L0NR0HP2DM,1,1,100.00%,0,0,0.00%,0,0,0.00%,1,,,,,,,,,,,,,,,,100,,,,,,,,0,,0,,,,,,,,,,,,Never Blocked,,
1612,A31BA1WLSWUSY1,https://gamma-requester.mturk.com/workers/A31BA1WLSWUSY1,1,1,100.00%,0,0,0.00%,0,0,0.00%,1,,,,,,,,,,,,,,,,100,,,,,,,,0,,0,,,,,,,,,,,,Never Blocked,,
1613,A31F1HAKNRF6WP,https://gamma-requester.mturk.com/workers/A31F1HAKNRF6WP,2,2,100.00%,0,0,0.00%,0,0,0.00%,,,,,,,1,,,,,,,,,,,,,,,,,,,,,,,,,,,,1,,,,Never Blocked,,
1614,A31FDAPJJ2EBGA,https://gamma-requester.mturk.com/workers/A31FDAPJJ2EBGA,2,2,100.00%,0,0,0.00%,0,0,0.00%,,,,,,,,,1,,,,,,,,1,,,,,,,,,,,,,,,,,,,,,,Never Blocked,,
1615,A31GWPIS3SMYS9,https://gamma-requester.mturk.com/workers/A31GWPIS3SMYS9,1,1,100.00%,0,0,0.00%,0,0,0.00%,1,,,,,,,,,,,,,,,,100,,,,,,,,0,,0,,,,,,,,,,1,,Never Blocked,,
1616,A31KAJFV5FKH8C,https://gamma-requester.mturk.com/workers/A31KAJFV5FKH8C,3,3,100.00%,0,0,0.00%,0,0,0.00%,1,,,,,,,,,,,,,,,,100,,,,,,,,0,,0,,1,,1,,1,,,,,,Never Blocked,,
1617,A31KV6ETEFLOEM,https://gamma-requester.mturk.com/workers/A31KV6ETEFLOEM,1,1,100.00%,0,0,0.00%,0,0,0.00%,1,,,,,,,,,,,,,,,,100,,,,,,,,0,,0,,,,,,1,,,,,,Never Blocked,,
1618,A31LNMK1LGOIIA,https://gamma-requester.mturk.com/workers/A31LNMK1LGOIIA,1,1,100.00%,0,0,0.00%,0,0,0.00%,,,,,,,,,,,,,,,1,,,,,,,,1,,,,,,,,,,,,,,,,Never Blocked,,
1619,A31OQ5XKBUN38,https://gamma-requester.mturk.com/workers/A31OQ5XKBUN38,3,3,100.00%,0,0,0.00%,0,0,0.00%,,,,,,,,,,,,,,,1,,,,,,,,1,,,,,,,,,,,,,,,,Never Blocked,,
1620,A31R560IXODLDC,https://gamma-requester.mturk.com/workers/A31R560IXODLDC,1,1,100.00%,0,0,0.00%,0,0,0.00%,1,,,,,,,,,,,,,,,,100,,,,,,,,0,,0,,,,,,,,,,1,,Never Blocked,,
1621,A31RBGPPYMAE7E,https://gamma-requester.mturk.com/workers/A31RBGPPYMAE7E,1,1,100.00%,0,0,0.00%,0,0,0.00%,1,,,,,,,,,,,,,,,,100,,,,,,,,0,,0,,,,,,,,,,1,,Never Blocked,,
1622,A31S3QJ7WM3ZY3,https://gamma-requester.mturk.com/workers/A31S3QJ7WM3ZY3,1,1,100.00%,0,0,0.00%,0,0,0.00%,1,,,,,,,,,,,,,,,,100,,,,,,,,0,,0,,,,,,,,,,1,,Never Blocked,,
1623,A31T2PF4RV3GTF,https://gamma-requester.mturk.com/workers/A31T2PF4RV3GTF,1,1,100.00%,0,0,0.00%,0,0,0.00%,,,,,,,,,,,,,,,,,,,,,1,,,,,,,,,,,,,,1,,,,Never Blocked,,
1624,A31XUQFSE7CCZX,https://gamma-requester.mturk.com/workers/A31XUQFSE7CCZX,5,5,100.00%,0,0,0.00%,0,0,0.00%,1,,,,,,,,,,,,,,,,100,,,,,,,,1,,1,,1,,1,,1,,,,,,Never Blocked,,
1625,A31Z5TPD8QKE26,https://gamma-requester.mturk.com/workers/A31Z5TPD8QKE26,1,1,100.00%,0,0,0.00%,0,0,0.00%,1,,,,,,,,,,,,,,,,100,,,,,,,,0,,0,,,,,,,,,,,,Never Blocked,,
1626,A320QA9HJFUOZO,https://gamma-requester.mturk.com/workers/A320QA9HJFUOZO,1,1,100.00%,0,0,0.00%,0,0,0.00%,1,,,,,,,,,,,,,,,,100,,,,,,,,0,,0,,,,,,,,,,1,,Never Blocked,,
1627,A324M5ZRHX7RUV,https://gamma-requester.mturk.com/workers/A324M5ZRHX7RUV,2,2,100.00%,0,0,0.00%,0,0,0.00%,,,,,,,,,,,1,,,,,,1,,,,,,,,,,,,,,,,,,,,,,Never Blocked,,
1628,A325BIJIG3AK1T,https://gamma-requester.mturk.com/workers/A325BIJIG3AK1T,3,3,100.00%,0,0,0.00%,0,0,0.00%,1,,,,,,,,,,,,,,,,100,,,,,,,,0,,0,,,,1,,1,,,,,,Never Blocked,,
1629,A32664578BFZ29,https://gamma-requester.mturk.com/workers/A32664578BFZ29,1,1,100.00%,0,0,0.00%,0,0,0.00%,1,,,,,,,,,,,,,,,,100,,,,,,,,0,,0,,,,,,,,,,,,Never Blocked,,
1630,A326O3VWP8TO8N,https://gamma-requester.mturk.com/workers/A326O3VWP8TO8N,1,1,100.00%,0,0,0.00%,0,0,0.00%,1,,,,,,,,,,,,,,,,100,,,,,,,,0,,0,,,,,,,,,,,,Never Blocked,,
1631,A32ASWHLCI1CWD,https://gamma-requester.mturk.com/workers/A32ASWHLCI1CWD,4,4,100.00%,0,0,0.00%,0,0,0.00%,1,,,,,,,,,,,,,,,,100,,,,,,,,0,,1,,1,,1,,1,,,,,,Never Blocked,,
1632,A32BQNJMLMZYG0,https://gamma-requester.mturk.com/workers/A32BQNJMLMZYG0,1,1,100.00%,0,0,0.00%,0,0,0.00%,,,,,,,,,,,,,,,,,1,,,,,,,,,,,,,,,,,,,,,,Never Blocked,,
1633,A32CZA6NYBYTOM,https://gamma-requester.mturk.com/workers/A32CZA6NYBYTOM,1,1,100.00%,0,0,0.00%,0,0,0.00%,1,,,,,,,,,,,,,,,,100,,,,,,,,0,,0,,,,,,,,,,,,Never Blocked,,
1634,A32DJMN66A0SY7,https://gamma-requester.mturk.com/workers/A32DJMN66A0SY7,2,2,100.00%,0,0,0.00%,0,0,0.00%,1,,,,,,,,,,,,,,,,100,,,,,,,,0,,0,,,,1,,1,,,,,,Never Blocked,,
1635,A32R4UKTOFJU2,https://gamma-requester.mturk.com/workers/A32R4UKTOFJU2,1,1,100.00%,0,0,0.00%,0,0,0.00%,1,,,,,,,,,,,,,,,,100,,,,,,,,0,,0,,,,,,,,,,1,,Never Blocked,,
1636,A32TC55DUJW5N5,https://gamma-requester.mturk.com/workers/A32TC55DUJW5N5,1,1,100.00%,0,0,0.00%,0,0,0.00%,1,,,,,,,,,,,,,,,,100,,,,,,,,0,,0,,,,,,,,,,,,Never Blocked,,
1637,A32TG2LFDHYDHK,https://gamma-requester.mturk.com/workers/A32TG2LFDHYDHK,1,1,100.00%,0,0,0.00%,0,0,0.00%,1,,,,,,,,,,,,,,,,100,,,,,,,,0,,0,,,,,,,,,,,,Never Blocked,,
1638,A32UQVR725KLTX,https://gamma-requester.mturk.com/workers/A32UQVR725KLTX,5,5,100.00%,0,0,0.00%,0,0,0.00%,1,,,,,,,,,,,,,,,,100,,,,,,,,1,,1,,1,,1,,1,,,,,,Never Blocked,,
1639,A32X8WXMIV4KE8,https://gamma-requester.mturk.com/workers/A32X8WXMIV4KE8,2,2,100.00%,0,0,0.00%,0,0,0.00%,,,,,,,,,,,,,,,1,,,,,,,,1,,,,,,,,,,,,,,,,Never Blocked,,
1640,A32Y8OYFAXK5IE,https://gamma-requester.mturk.com/workers/A32Y8OYFAXK5IE,1,1,100.00%,0,0,0.00%,0,0,0.00%,1,,,,,,,,,,,,,,,,100,,,,,,,,0,,0,,,,,,,,,,1,,Never Blocked,,
1641,A32YYM8WVR8B7S,https://gamma-requester.mturk.com/workers/A32YYM8WVR8B7S,5,5,100.00%,0,0,0.00%,0,0,0.00%,1,,,,,,,,,,,,,,,,100,,,,,,,,1,,1,,1,,1,,1,,,,,,Never Blocked,,
1642,A337X6ZE9WIIU7,https://gamma-requester.mturk.com/workers/A337X6ZE9WIIU7,1,1,100.00%,0,0,0.00%,0,0,0.00%,1,,,,,,,,,,,,,,,,100,,,,,,,,0,,0,,,,,,,,,,1,,Never Blocked,,
1643,A337Y4X67PY4QI,https://gamma-requester.mturk.com/workers/A337Y4X67PY4QI,1,1,100.00%,0,0,0.00%,0,0,0.00%,1,,,,,,,,,,,,,,,,100,,,,,,,,0,,0,,,,,,1,,,,,,Never Blocked,,
1644,A33AAG6EWRDFNX,https://gamma-requester.mturk.com/workers/A33AAG6EWRDFNX,0,0,0.00%,0,0,0.00%,0,0,0.00%,,,,,,,,,,,,,,1,,,,,,,,,,,,,,,,,,,,,,,,,Never Blocked,,
1645,A33ALNVI99FI7J,https://gamma-requester.mturk.com/workers/A33ALNVI99FI7J,1,1,100.00%,0,0,0.00%,0,0,0.00%,1,,,,,,,,,,,,,,,,100,,,,,,,,0,,0,,,,,,,,,,1,,Never Blocked,,
1646,A33B85TN97HQ33,https://gamma-requester.mturk.com/workers/A33B85TN97HQ33,1,1,100.00%,0,0,0.00%,0,0,0.00%,,,,,,,,,,,,,,,,,1,,,,,,,,,,,,,,,,,,,,,,Never Blocked,,
1647,A33B9RCIJ7DRGS,https://gamma-requester.mturk.com/workers/A33B9RCIJ7DRGS,1,1,100.00%,0,0,0.00%,0,0,0.00%,,,,,,,,,,,,,,,,,,,,,,,,,,,,,,,,,,,,,,,Never Blocked,,
1648,A33BYDSAFW6PK,https://gamma-requester.mturk.com/workers/A33BYDSAFW6PK,1,0,0.00%,0,0,0.00%,0,0,0.00%,1,,,,,,,,,,,,,,,,100,,,,,,,,0,,0,,,,,,,,,,,,Never Blocked,,
1649,A33D6XFZHIRXMM,https://gamma-requester.mturk.com/workers/A33D6XFZHIRXMM,1,1,100.00%,0,0,0.00%,0,0,0.00%,1,,,,,,,,,,,,,,,,100,,,,,,,,0,,0,,,,,,,,,,1,,Never Blocked,,
1650,A33KCN8G4T3XVR,https://gamma-requester.mturk.com/workers/A33KCN8G4T3XVR,1,1,100.00%,0,0,0.00%,0,0,0.00%,1,,,,,,,,,,,,,,,,100,,,,,,,,0,,0,,,,,,,,,,1,,Never Blocked,,
1651,A33QMMCDIGGVAE,https://gamma-requester.mturk.com/workers/A33QMMCDIGGVAE,1,1,100.00%,0,0,0.00%,0,0,0.00%,1,,,,,,,,,,,,,,,,100,,,,,,,,0,,0,,,,,,,,,,1,,Never Blocked,,
1652,A33RI08QRVG5Q0,https://gamma-requester.mturk.com/workers/A33RI08QRVG5Q0,5,5,100.00%,0,0,0.00%,0,0,0.00%,1,,,,,,,,,,,,,,,,100,,,,,,,,1,,1,,1,,1,,1,,,,,,Never Blocked,,
1653,A33S8LVRU8QEL,https://gamma-requester.mturk.com/workers/A33S8LVRU8QEL,1,1,100.00%,0,0,0.00%,0,0,0.00%,1,,,,,,,,,,,,,,,,100,,,,,,,,0,,0,,,,,,,,,,,,Never Blocked,,
1654,A33SOJ186HWXUE,https://gamma-requester.mturk.com/workers/A33SOJ186HWXUE,2,2,100.00%,0,0,0.00%,0,0,0.00%,1,,,,,,,,,,,,,,,,100,,,,,,,,0,,0,,,,1,,1,,,,,,Never Blocked,,
1655,A33ST4DW1A4PGK,https://gamma-requester.mturk.com/workers/A33ST4DW1A4PGK,1,1,100.00%,0,0,0.00%,0,0,0.00%,1,,,,,,,,,,,,,,,,100,,,,,,,,0,,0,,,,,,,,,,1,,Never Blocked,,
1656,A33TDXKTR8BUV9,https://gamma-requester.mturk.com/workers/A33TDXKTR8BUV9,1,1,100.00%,0,0,0.00%,0,0,0.00%,1,,,,,,,,,,,,,,,,100,,,,,,,,0,,0,,,,,,,,,,,,Never Blocked,,
1657,A33U3GZXTFC4M4,https://gamma-requester.mturk.com/workers/A33U3GZXTFC4M4,1,1,100.00%,0,0,0.00%,0,0,0.00%,,,,,,,,,,,,,,,,,100,,,,,,,,,,,,,,,,,,,,,,Never Blocked,,
1658,A33VGSEJ44ORMF,https://gamma-requester.mturk.com/workers/A33VGSEJ44ORMF,1,1,100.00%,0,0,0.00%,0,0,0.00%,1,,,,,,,,,,,,,,,,100,,,,,,,,0,,0,,,,,,,,,,1,,Never Blocked,,
1659,A33YJIL8ZY6XSB,https://gamma-requester.mturk.com/workers/A33YJIL8ZY6XSB,1,1,100.00%,0,0,0.00%,0,0,0.00%,,,,,,,,,,,,,,,,,,,,,,,,,,,,,,,,,,,1,,,,Never Blocked,,
1660,A340FMNO9WJG4J,https://gamma-requester.mturk.com/workers/A340FMNO9WJG4J,1,1,100.00%,0,0,0.00%,0,0,0.00%,1,,,,,,,,,,,,,,,,100,,,,,,,,0,,0,,,,,,1,,,,,,Never Blocked,,
1661,A344BXT88DM2ZH,https://gamma-requester.mturk.com/workers/A344BXT88DM2ZH,2,2,100.00%,0,0,0.00%,0,0,0.00%,,,,,,,,,,,,,,,,,100,,,,,,,,,,,,,,,,,,,,,,Never Blocked,,
1662,A34824Y7V4EX5E,https://gamma-requester.mturk.com/workers/A34824Y7V4EX5E,1,1,100.00%,0,0,0.00%,0,0,0.00%,1,,,,,,,,,,,,,,,,100,,,,,,,,0,,0,,,,,,,,,,1,,Never Blocked,,
1663,A348NEQKS6VNIB,https://gamma-requester.mturk.com/workers/A348NEQKS6VNIB,1,1,100.00%,0,0,0.00%,0,0,0.00%,1,,,,,,,,,,,,,,,,100,,,,,,,,0,,0,,,,,,1,,,,,,Never Blocked,,
1664,A3492U749929KT,https://gamma-requester.mturk.com/workers/A3492U749929KT,1,1,100.00%,0,0,0.00%,0,0,0.00%,1,,,,,,,,,,,,,,,,100,,,,,,,,0,,0,,,,,,,,,,1,,Never Blocked,,
1665,A34A8MQJ7X1LCS,https://gamma-requester.mturk.com/workers/A34A8MQJ7X1LCS,1,1,100.00%,0,0,0.00%,0,0,0.00%,,,,,,,,,,,,,,,,,,,,,,,,,,,,,,,,,,,,,,,Never Blocked,,
1666,A34AZLYRHH6JJA,https://gamma-requester.mturk.com/workers/A34AZLYRHH6JJA,1,1,100.00%,0,0,0.00%,0,0,0.00%,,,,,,,,,,,1,,,,,,1,,,,,,,,,,,,,,,,,,,,,,Never Blocked,,
1667,A34BX72ZUITSW3,https://gamma-requester.mturk.com/workers/A34BX72ZUITSW3,1,1,100.00%,0,0,0.00%,0,0,0.00%,1,,,,,,,,,,,,,,,,100,,,,,,,,0,,0,,,,,,,,,,1,,Never Blocked,,
1668,A34CPKFZXBX1PO,https://gamma-requester.mturk.com/workers/A34CPKFZXBX1PO,1,1,100.00%,0,0,0.00%,0,0,0.00%,1,,,,,,,,,,,,,,,,100,,,,,,,,0,,0,,,,,,,,,,1,,Never Blocked,,
1669,A34DXA8LYH22V6,https://gamma-requester.mturk.com/workers/A34DXA8LYH22V6,1,1,100.00%,0,0,0.00%,0,0,0.00%,1,,,,,,,,,,,,,,,,100,,,,,,,,0,,0,,,,,,,,,,1,,Never Blocked,,
1670,A34EHWOYRBL6OZ,https://gamma-requester.mturk.com/workers/A34EHWOYRBL6OZ,0,0,0.00%,0,0,0.00%,0,0,0.00%,,,,,,,,,,,,,,1,,,,,,,,,,,,,,,,,,,,,,,,,Never Blocked,,
1671,A34H7SANVXDBFA,https://gamma-requester.mturk.com/workers/A34H7SANVXDBFA,1,1,100.00%,0,0,0.00%,0,0,0.00%,,,,,,,,,,,,,,,,,100,,,,,,,,,,,,,,,,,,,,,,Never Blocked,,
1672,A34HTP15B4Q0A4,https://gamma-requester.mturk.com/workers/A34HTP15B4Q0A4,3,3,100.00%,0,0,0.00%,0,0,0.00%,1,,,,,,,,,,,,,,,,100,,,,,,,,0,,0,,1,,1,,1,,,,,,Never Blocked,,
1673,A34J6WUTOV16M1,https://gamma-requester.mturk.com/workers/A34J6WUTOV16M1,1,0,0.00%,0,0,0.00%,0,0,0.00%,,,,,,,,,,,,,,,,,1,,,,0,,,,,,,,,,,,,,,,,,Never Blocked,,
1674,A34LSCB90T5KYE,https://gamma-requester.mturk.com/workers/A34LSCB90T5KYE,3,3,100.00%,0,0,0.00%,0,0,0.00%,,,,,,,1,,,,,,,,,,100,,,,,,,,,,,,,,,,,,,,,,Never Blocked,,
1675,A34MPLYKHEH24F,https://gamma-requester.mturk.com/workers/A34MPLYKHEH24F,1,1,100.00%,0,0,0.00%,0,0,0.00%,1,,,,,,,,,,,,,,,,100,,,,,,,,0,,0,,,,,,,,,,1,,Never Blocked,,
1676,A34NDXO56MBC3D,https://gamma-requester.mturk.com/workers/A34NDXO56MBC3D,1,1,100.00%,0,0,0.00%,0,0,0.00%,1,,,,,,,,,,,,,,,,100,,,,,,,,0,,0,,,,,,,,,,1,,Never Blocked,,
1677,A34PLE1Z7L0W53,https://gamma-requester.mturk.com/workers/A34PLE1Z7L0W53,1,1,100.00%,0,0,0.00%,0,0,0.00%,1,,,,,,,,,,,,,,,,100,,,,,,,,0,,0,,,,,,,,,,,,Never Blocked,,
1678,A34PVFU0KN82KQ,https://gamma-requester.mturk.com/workers/A34PVFU0KN82KQ,1,1,100.00%,0,0,0.00%,0,0,0.00%,,,,,,,,,,,,,,,,,1,,,,,,,,,,,,,,,,,,,,,,Never Blocked,,
1679,A34S4MNB9TTJS9,https://gamma-requester.mturk.com/workers/A34S4MNB9TTJS9,1,1,100.00%,0,0,0.00%,0,0,0.00%,1,,,,,,,,,,,,,,,,100,,,,,,,,0,,0,,,,,,,,,,,,Never Blocked,,
1680,A34S4NIN4XOXWI,https://gamma-requester.mturk.com/workers/A34S4NIN4XOXWI,2,2,100.00%,0,0,0.00%,0,0,0.00%,,,,,,,,,,,,,,,1,,,,,,,,1,,,,,,,,,,,,,,,,Never Blocked,,
1681,A34SHVXJXDB8SQ,https://gamma-requester.mturk.com/workers/A34SHVXJXDB8SQ,0,0,0.00%,0,0,0.00%,0,0,0.00%,,,,,,,,,,,,,,1,,,,,,,,,,,,,,,,,,,,,,,,,Never Blocked,,
1682,A34TUPBBM7HHGN,https://gamma-requester.mturk.com/workers/A34TUPBBM7HHGN,2,2,100.00%,0,0,0.00%,0,0,0.00%,1,,,,,,,,,,,,,,,,100,,,,,,,,0,,0,,,,1,,1,,,,,,Never Blocked,,
1683,A34U4186EW0B9X,https://gamma-requester.mturk.com/workers/A34U4186EW0B9X,3,3,100.00%,0,0,0.00%,0,0,0.00%,1,,,,,,,,,,,,,,,,100,,,,,,,,0,,0,,,,1,,1,,,,,,Never Blocked,,
1684,A34UER5ZQ5APMB,https://gamma-requester.mturk.com/workers/A34UER5ZQ5APMB,1,1,100.00%,0,0,0.00%,0,0,0.00%,1,,,,,,,,,,,,,,,,100,,,,,,,,0,,0,,,,,,,,,,,,Never Blocked,,
1685,A34UFMGVNCFKVV,https://gamma-requester.mturk.com/workers/A34UFMGVNCFKVV,1,1,100.00%,0,0,0.00%,0,0,0.00%,1,,,,,,,,,,,,,,,,100,,,,,,,,0,,0,,,,,,1,,,,,,Never Blocked,,
1686,A34VLM2UC0JY11,https://gamma-requester.mturk.com/workers/A34VLM2UC0JY11,1,1,100.00%,0,0,0.00%,0,0,0.00%,1,,,,,,,,,,,,,,,,100,,,,,,,,0,,0,,,,,,,,,,,,Never Blocked,,
1687,A34WEYAH462CBS,https://gamma-requester.mturk.com/workers/A34WEYAH462CBS,2,2,100.00%,0,0,0.00%,0,0,0.00%,,,,,,,,,,,,,,,1,,100,,,,,,1,,,,,,,,,,,,,,,,Never Blocked,,
1688,A34YDGVZKRJ0LZ,https://gamma-requester.mturk.com/workers/A34YDGVZKRJ0LZ,4,4,100.00%,1,1,100.00%,0,0,0.00%,1,,,,,,,,,,,,1,,,,100,,,,,,,,0,,0,,1,,1,,1,,,,,,Never Blocked,,
1689,A34YNEN8UUI3CD,https://gamma-requester.mturk.com/workers/A34YNEN8UUI3CD,1,1,100.00%,0,0,0.00%,0,0,0.00%,,,,,,,,,,,,,,,,,,,,,,,,,,,,,,,,,,,,,,,Never Blocked,,
1690,A34Z9LMI089LMT,https://gamma-requester.mturk.com/workers/A34Z9LMI089LMT,3,3,100.00%,1,1,100.00%,0,0,0.00%,,,,,,,,,,,,,1,,,,100,,,,,,,,,,,,,,,,,,,,,,Never Blocked,,
1691,A34ZJFQ9UCP1CR,https://gamma-requester.mturk.com/workers/A34ZJFQ9UCP1CR,1,1,100.00%,1,1,100.00%,0,0,0.00%,,,,,,,,,,,,,1,,,,,,,,,,,,,,,,,,,,,,,,,,Never Blocked,,
1692,A350SLJRMBIFM4,https://gamma-requester.mturk.com/workers/A350SLJRMBIFM4,5,5,100.00%,0,0,0.00%,0,0,0.00%,1,,,,,,,,,,,,,,,,100,,,,,,,,1,,1,,1,,1,,1,,,,,,Never Blocked,,
1693,A351P2O6QGTCS,https://gamma-requester.mturk.com/workers/A351P2O6QGTCS,1,1,100.00%,0,0,0.00%,0,0,0.00%,1,,,,,,,,,,,,,,,,100,,,,,,,,0,,0,,,,,,1,,,,,,Never Blocked,,
1694,A353ZWBGYHFOBK,https://gamma-requester.mturk.com/workers/A353ZWBGYHFOBK,1,1,100.00%,0,0,0.00%,0,0,0.00%,1,,,,,,,,,,,,,,,,100,,,,,,,,0,,0,,,,,,1,,,,,,Never Blocked,,
1695,A3542OS7JJFUN2,https://gamma-requester.mturk.com/workers/A3542OS7JJFUN2,1,1,100.00%,0,0,0.00%,0,0,0.00%,,,,,,,,,,,,,,,,,,,,,,,,,,,,,,,,,,,,,,,Never Blocked,,
1696,A354IONQNVAG91,https://gamma-requester.mturk.com/workers/A354IONQNVAG91,1,1,100.00%,0,0,0.00%,0,0,0.00%,1,,,,,,,,,,,,,,,,100,,,,,,,,0,,0,,,,,,,,,,,,Never Blocked,,
1697,A35C2EW7OU8JXS,https://gamma-requester.mturk.com/workers/A35C2EW7OU8JXS,3,3,100.00%,1,1,100.00%,0,0,0.00%,,,,,,,,,,,,,1,,,,1,,,,,,,,,,,,,,,,,,,,,,Never Blocked,,
1698,A35CL66BEUSJ5Z,https://gamma-requester.mturk.com/workers/A35CL66BEUSJ5Z,4,4,100.00%,0,0,0.00%,0,0,0.00%,1,,,,,,,,,,,,,,,,100,,,,,,,,0,,1,,1,,1,,1,,,,,,Never Blocked,,
1699,A35D1C63QSSJU4,https://gamma-requester.mturk.com/workers/A35D1C63QSSJU4,1,1,100.00%,1,1,100.00%,0,0,0.00%,,,,,,,,,,,,,1,,,,,,,,,,,,,,,,,,,,,,,,,,Never Blocked,,
1700,A35D8WIV6CP70I,https://gamma-requester.mturk.com/workers/A35D8WIV6CP70I,1,1,100.00%,0,0,0.00%,0,0,0.00%,,,,,,,,,,,,,,,,,,,,,,,,,,,,,,,,,,,,,,,Never Blocked,,
1701,A35F9DZWLLHFY4,https://gamma-requester.mturk.com/workers/A35F9DZWLLHFY4,1,1,100.00%,0,0,0.00%,0,0,0.00%,1,,,,,,,,,,,,,,,,100,,,,,,,,0,,0,,,,,,,,,,,,Never Blocked,,
1702,A35K3YVCX1LVPE,https://gamma-requester.mturk.com/workers/A35K3YVCX1LVPE,1,1,100.00%,0,0,0.00%,0,0,0.00%,1,,,,,,,,,,,,,,,,100,,,,,,,,0,,0,,,,,,,,,,1,,Never Blocked,,
1703,A35MFW1MC01HG7,https://gamma-requester.mturk.com/workers/A35MFW1MC01HG7,1,1,100.00%,0,0,0.00%,0,0,0.00%,1,,,,,,,,,,,,,,,,100,,,,,,,,0,,0,,,,,,1,,,,,,Never Blocked,,
1704,A35NG6BVYUFKIG,https://gamma-requester.mturk.com/workers/A35NG6BVYUFKIG,1,1,100.00%,0,0,0.00%,0,0,0.00%,1,,,,,,,,,,,,,,,,100,,,,,,,,0,,0,,,,,,1,,,,,,Never Blocked,,
1705,A35NXCD0VE2I69,https://gamma-requester.mturk.com/workers/A35NXCD0VE2I69,1,1,100.00%,0,0,0.00%,0,0,0.00%,1,,,,,,,,,,,,,,,,100,,,,,,,,0,,0,,,,,,,,,,,,Never Blocked,,
1706,A35QZFRG4FKK3Z,https://gamma-requester.mturk.com/workers/A35QZFRG4FKK3Z,1,1,100.00%,0,0,0.00%,0,0,0.00%,1,,,,,,,,,,,,,,,,100,,,,,,,,0,,0,,,,,,1,,,,,,Never Blocked,,
1707,A35SQDP3G7ZFEP,https://gamma-requester.mturk.com/workers/A35SQDP3G7ZFEP,1,1,100.00%,0,0,0.00%,0,0,0.00%,,,,,,,,,,,,,,,,,100,,,,,,,,,,,,,,,,,,,,,,Never Blocked,,
1708,A35T79LLCN429G,https://gamma-requester.mturk.com/workers/A35T79LLCN429G,4,4,100.00%,0,0,0.00%,0,0,0.00%,1,,,,,,,,,,,,,,,,100,,,,,,,,0,,0,,1,,1,,1,,,,,,Never Blocked,,
1709,A35TF71Q0XO0PH,https://gamma-requester.mturk.com/workers/A35TF71Q0XO0PH,1,1,100.00%,0,0,0.00%,0,0,0.00%,,,,,,,,,,,1,,,,,,1,,,,,,,,,,,,,,,,,,,,,,Never Blocked,,
1710,A35U5ETYC8G6S8,https://gamma-requester.mturk.com/workers/A35U5ETYC8G6S8,1,1,100.00%,0,0,0.00%,0,0,0.00%,1,,,,,,,,,,,,,,,,100,,,,,,,,0,,0,,,,,,,,,,1,,Never Blocked,,
1711,A35UAZ5IKU14XW,https://gamma-requester.mturk.com/workers/A35UAZ5IKU14XW,1,1,100.00%,0,0,0.00%,0,0,0.00%,1,,,,,,,,,,,,,,,,100,,,,,,,,0,,0,,,,,,1,,,,,,Never Blocked,,
1712,A35UPRWU1QWP2F,https://gamma-requester.mturk.com/workers/A35UPRWU1QWP2F,1,1,100.00%,0,0,0.00%,0,0,0.00%,1,,,,,,,,,,,,,,,,100,,,,,,,,0,,0,,,,,,1,,,,,,Never Blocked,,
1713,A35US1B8A5DAZ6,https://gamma-requester.mturk.com/workers/A35US1B8A5DAZ6,1,1,100.00%,0,0,0.00%,0,0,0.00%,,,,,,,1,,,,,,,,,,,,,,,,,,,,,,,,,,,,1,,,,Never Blocked,,
1714,A35XZRK8CZWYBN,https://gamma-requester.mturk.com/workers/A35XZRK8CZWYBN,1,1,100.00%,0,0,0.00%,0,0,0.00%,1,,,,,,,,,,,,,,,,100,,,,,,,,0,,0,,,,,,,,,,1,,Never Blocked,,
1715,A3609GDWR2JCCA,https://gamma-requester.mturk.com/workers/A3609GDWR2JCCA,1,1,100.00%,0,0,0.00%,0,0,0.00%,1,,,,,,,,,,,,,,,,100,,,,,,,,0,,0,,,,,,,,,,,,Never Blocked,,
1716,A362SLD9P7DE1M,https://gamma-requester.mturk.com/workers/A362SLD9P7DE1M,1,1,100.00%,0,0,0.00%,0,0,0.00%,,,,,,,,,,,,,,,,,100,,,,,,,,,,,,,,,,,,,,,,Never Blocked,,
1717,A3633T8CM8SXW8,https://gamma-requester.mturk.com/workers/A3633T8CM8SXW8,1,1,100.00%,0,0,0.00%,0,0,0.00%,1,,,,,,,,,,,,,,,,100,,,,,,,,0,,0,,,,,,,,,,,,Never Blocked,,
1718,A366TZDVJK02PN,https://gamma-requester.mturk.com/workers/A366TZDVJK02PN,1,1,100.00%,0,0,0.00%,0,0,0.00%,1,,,,,,,,,,,,,,,,100,,,,,,,,0,,0,,,,,,,,,,1,,Never Blocked,,
1719,A367K74P9QF27V,https://gamma-requester.mturk.com/workers/A367K74P9QF27V,1,1,100.00%,0,0,0.00%,0,0,0.00%,,,,,,,,,,,,,,,,,,,,,,,,,,,,,,,,,,,,,,,Never Blocked,,
1720,A3696JXTRKL2FI,https://gamma-requester.mturk.com/workers/A3696JXTRKL2FI,1,1,100.00%,0,0,0.00%,0,0,0.00%,1,,,,,,,,,,,,,,,,100,,,,,,,,0,,0,,,,,,,,,,,,Never Blocked,,
1721,A36BPBYVFDSNBB,https://gamma-requester.mturk.com/workers/A36BPBYVFDSNBB,2,2,100.00%,0,0,0.00%,0,0,0.00%,,,,,,,1,,,,,,,,,,,,,,,,,,,,,,,,,,,,,,,,Never Blocked,,
1722,A36CZ0F88ELFWF,https://gamma-requester.mturk.com/workers/A36CZ0F88ELFWF,1,1,100.00%,0,0,0.00%,0,0,0.00%,1,,,,,,,,,,,,,,,,100,,,,,,,,0,,0,,,,,,,,,,,,Never Blocked,,
1723,A36FBIDN58N139,https://gamma-requester.mturk.com/workers/A36FBIDN58N139,1,1,100.00%,0,0,0.00%,0,0,0.00%,1,,,,,,,,,,,,,,,,100,,,,,,,,0,,0,,,,,,,,,,1,,Never Blocked,,
1724,A36G1RB46X1FEG,https://gamma-requester.mturk.com/workers/A36G1RB46X1FEG,1,1,100.00%,0,0,0.00%,0,0,0.00%,1,,,,,,,,,,,,,,,,100,,,,,,,,0,,0,,,,,,,,,,,,Never Blocked,,
1725,A36MEZ1Y8KLTGY,https://gamma-requester.mturk.com/workers/A36MEZ1Y8KLTGY,1,1,100.00%,0,0,0.00%,0,0,0.00%,1,,,,,,,,,,,,,,,,100,,,,,,,,0,,0,,,,,,,,,,1,,Never Blocked,,
1726,A36NPTH2FLH2PA,https://gamma-requester.mturk.com/workers/A36NPTH2FLH2PA,1,1,100.00%,0,0,0.00%,0,0,0.00%,,,,,,,,,,,,,,,,,1,,,,,,,,,,,,,,,,,,,,,,Never Blocked,,
1727,A36P1ZQ0GYF567,https://gamma-requester.mturk.com/workers/A36P1ZQ0GYF567,1,1,100.00%,0,0,0.00%,0,0,0.00%,1,,,,,,,,,,,,,,,,100,,,,,,,,0,,0,,,,,,,,,,1,,Never Blocked,,
1728,A36PRTZFECB76C,https://gamma-requester.mturk.com/workers/A36PRTZFECB76C,5,5,100.00%,0,0,0.00%,0,0,0.00%,1,,,,,,,,,,,,,,,,100,,,,,,,,1,,1,,1,,1,,1,,,,,,Never Blocked,,
1729,A36RFSU1GYQ4MD,https://gamma-requester.mturk.com/workers/A36RFSU1GYQ4MD,1,1,100.00%,0,0,0.00%,0,0,0.00%,1,,,,,,,,,,,,,,,,100,,,,,,,,0,,0,,,,,,,,,,1,,Never Blocked,,
1730,A36SNA9WFYDKI5,https://gamma-requester.mturk.com/workers/A36SNA9WFYDKI5,1,1,100.00%,0,0,0.00%,0,0,0.00%,1,,,,,,,,,,,,,,,,100,,,,,,,,0,,0,,,,,,,,,,,,Never Blocked,,
1731,A36U8EYFWM1EL5,https://gamma-requester.mturk.com/workers/A36U8EYFWM1EL5,2,2,100.00%,0,0,0.00%,0,0,0.00%,,,,,,,,,,,,,,,1,,,,,,,,1,,,,,,,,,,,,,,,,Never Blocked,,
1732,A36UFZOEMNO9GJ,https://gamma-requester.mturk.com/workers/A36UFZOEMNO9GJ,2,2,100.00%,0,0,0.00%,0,0,0.00%,1,,,,,,,,,,,,,,,,100,,,,,,,,0,,0,,,,1,,1,,,,,,Never Blocked,,
1733,A36WX62LDMOJTV,https://gamma-requester.mturk.com/workers/A36WX62LDMOJTV,0,0,0.00%,0,0,0.00%,0,0,0.00%,,,,,,,,,,,,,,1,,,,,,,,,,,,,,,,,,,,,,,,,Never Blocked,,
1734,A36YZCJV91T1EX,https://gamma-requester.mturk.com/workers/A36YZCJV91T1EX,2,2,100.00%,0,0,0.00%,0,0,0.00%,1,,,,,,,,,,,,,,,,100,,,,,,,,0,,0,,,,1,,1,,,,,,Never Blocked,,
1735,A370HHK4VZB5HJ,https://gamma-requester.mturk.com/workers/A370HHK4VZB5HJ,1,1,100.00%,0,0,0.00%,0,0,0.00%,1,,,,,,,,,,,,,,,,100,,,,,,,,0,,0,,,,,,,,,,,,Never Blocked,,
1736,A373H8TGWHAN6V,https://gamma-requester.mturk.com/workers/A373H8TGWHAN6V,1,1,100.00%,0,0,0.00%,0,0,0.00%,1,,,,,,,,,,,,,,,,100,,,,,,,,0,,0,,,,,,,,,,,,Never Blocked,,
1737,A376AZWIBALRC,https://gamma-requester.mturk.com/workers/A376AZWIBALRC,3,3,100.00%,0,0,0.00%,0,0,0.00%,,,,,,,,,,,1,,,,,,1,,,,,,,,,,,,,,,,,,,,,,Never Blocked,,
1738,A376I7VHGZ3OUE,https://gamma-requester.mturk.com/workers/A376I7VHGZ3OUE,1,1,100.00%,0,0,0.00%,0,0,0.00%,1,,,,,,,,,,,,,,,,100,,,,,,,,0,,0,,,,,,,,,,1,,Never Blocked,,
1739,A377AFHYVI1H0R,https://gamma-requester.mturk.com/workers/A377AFHYVI1H0R,5,5,100.00%,0,0,0.00%,0,0,0.00%,1,,,,,,,,,,,,,,,,100,,,,,,,,1,,1,,1,,1,,1,,,,,,Never Blocked,,
1740,A378R6P88I2WBH,https://gamma-requester.mturk.com/workers/A378R6P88I2WBH,1,1,100.00%,0,0,0.00%,0,0,0.00%,1,,,,,,,,,,,,,,,,100,,,,,,,,0,,0,,,,,,,,,,1,,Never Blocked,,
1741,A378RGP6U5DYXR,https://gamma-requester.mturk.com/workers/A378RGP6U5DYXR,1,1,100.00%,0,0,0.00%,0,0,0.00%,,,,,,,,,,,,,,,1,,,,,,,,,,,,,,,,,,,,,,,,Never Blocked,,
1742,A37B4IKMX7A74O,https://gamma-requester.mturk.com/workers/A37B4IKMX7A74O,1,1,100.00%,0,0,0.00%,0,0,0.00%,,,,,,,,,,,,,,,,,1,,,,,,,,,,,,,,,,,,,,,,Never Blocked,,
1743,A37CV7DR7F8KNX,https://gamma-requester.mturk.com/workers/A37CV7DR7F8KNX,1,1,100.00%,0,0,0.00%,0,0,0.00%,1,,,,,,,,,,,,,,,,100,,,,,,,,0,,0,,,,,,,,,,1,,Never Blocked,,
1744,A37EV8RZ82WT8E,https://gamma-requester.mturk.com/workers/A37EV8RZ82WT8E,1,1,100.00%,0,0,0.00%,0,0,0.00%,1,,,,,,,,,,,,,,,,100,,,,,,,,0,,0,,,,,,,,,,1,,Never Blocked,,
1745,A37GOI3N77WX21,https://gamma-requester.mturk.com/workers/A37GOI3N77WX21,1,1,100.00%,0,0,0.00%,0,0,0.00%,1,,,,,,,,,,,,,,,,100,,,,,,,,0,,0,,,,,,,,,,1,,Never Blocked,,
1746,A37JC45Y9GLSA7,https://gamma-requester.mturk.com/workers/A37JC45Y9GLSA7,1,1,100.00%,0,0,0.00%,0,0,0.00%,,,,,,,,,,,,,,,,,,,,,,,,,,,,,,,,,,,,,,,Never Blocked,,
1747,A37L4CGU6Q6A9W,https://gamma-requester.mturk.com/workers/A37L4CGU6Q6A9W,1,1,100.00%,0,0,0.00%,0,0,0.00%,,,,,,,,,,,,,,,1,,,,,,,,,,,,,,,,,,,,,,,,Never Blocked,,
1748,A37LQ9Z1IN19ZC,https://gamma-requester.mturk.com/workers/A37LQ9Z1IN19ZC,1,1,100.00%,0,0,0.00%,0,0,0.00%,1,,,,,,,,,,,,,,,,100,,,,,,,,0,,0,,,,,,,,,,1,,Never Blocked,,
1749,A37ML38OKGNBI,https://gamma-requester.mturk.com/workers/A37ML38OKGNBI,1,1,100.00%,0,0,0.00%,0,0,0.00%,1,,,,,,,,,,,,,,,,100,,,,,,,,0,,0,,,,,,1,,,,,,Never Blocked,,
1750,A37O30WLLHE8QT,https://gamma-requester.mturk.com/workers/A37O30WLLHE8QT,2,2,100.00%,0,0,0.00%,0,0,0.00%,1,,,,,,,,,,,,,,,,100,,,,,,,,0,,0,,,,,,1,,,,,,Never Blocked,,
1751,A37OUZOGQKGMW0,https://gamma-requester.mturk.com/workers/A37OUZOGQKGMW0,1,1,100.00%,0,0,0.00%,0,0,0.00%,1,,,,,,,,,,,,,,,,100,,,,,,,,0,,0,,,,,,,,,,1,,Never Blocked,,
1752,A37P8UZ3SAKM7A,https://gamma-requester.mturk.com/workers/A37P8UZ3SAKM7A,1,1,100.00%,0,0,0.00%,0,0,0.00%,1,,,,,,,,,,,,,,,,100,,,,,,,,0,,0,,,,,,1,,,,,,Never Blocked,,
1753,A37PH2VQZ2J4K3,https://gamma-requester.mturk.com/workers/A37PH2VQZ2J4K3,3,3,100.00%,0,0,0.00%,0,0,0.00%,1,,,,,,,,,,,,,,,,100,,,,,,,,0,,0,,1,,1,,1,,,,,,Never Blocked,,
1754,A37PNAIK1TKLVS,https://gamma-requester.mturk.com/workers/A37PNAIK1TKLVS,2,2,100.00%,0,0,0.00%,0,0,0.00%,1,,,,,,,,,,,,,,,,100,,,,,,,,0,,0,,,,,,,,,,,,Never Blocked,,
1755,A37R0JYAB3QEX9,https://gamma-requester.mturk.com/workers/A37R0JYAB3QEX9,4,4,100.00%,0,0,0.00%,0,0,0.00%,,,,,,,,,,,,,,,1,,100,,,,,,1,,,,,,,,,,,,1,,,,Never Blocked,,
1756,A37ZH6GKDKRLYV,https://gamma-requester.mturk.com/workers/A37ZH6GKDKRLYV,1,1,100.00%,0,0,0.00%,0,0,0.00%,1,,,,,,,,,,,,,,,,100,,,,,,,,0,,0,,,,,,,,,,,,Never Blocked,,
1757,A382IYPJDT9UV6,https://gamma-requester.mturk.com/workers/A382IYPJDT9UV6,1,1,100.00%,1,1,100.00%,0,0,0.00%,,,,,,,,,,,,,1,,,,,,,,,,,,,,,,,,,,,,,,,,Never Blocked,,
1758,A387FNIV21H4T2,https://gamma-requester.mturk.com/workers/A387FNIV21H4T2,2,2,100.00%,0,0,0.00%,0,0,0.00%,,,,,,,,,,,1,,,,,,1,,,,,,,,,,,,,,,,,,,,,,Never Blocked,,
1759,A388PJ3P8XIXI8,https://gamma-requester.mturk.com/workers/A388PJ3P8XIXI8,2,2,100.00%,0,0,0.00%,0,0,0.00%,1,,,,,,,,,,,,,,,,100,,,,,,,,0,,0,,,,,,,,,,,,Never Blocked,,
1760,A389RPZ5TJZQ7D,https://gamma-requester.mturk.com/workers/A389RPZ5TJZQ7D,1,1,100.00%,0,0,0.00%,0,0,0.00%,,,,,,,,,,,,,,,,,1,,,,,,,,,,,,,,,,,,,,,,Never Blocked,,
1761,A38DHLB88V8DL8,https://gamma-requester.mturk.com/workers/A38DHLB88V8DL8,5,5,100.00%,0,0,0.00%,0,0,0.00%,1,,,,,,,,,,,,,,,,100,,,,,,,,1,,1,,1,,1,,1,,,,,,Never Blocked,,
1762,A38FIMIHKIJYDN,https://gamma-requester.mturk.com/workers/A38FIMIHKIJYDN,1,1,100.00%,0,0,0.00%,0,0,0.00%,1,,,,,,,,,,,,,,,,100,,,,,,,,0,,0,,,,,,,,,,1,,Never Blocked,,
1763,A38KCCSGBFR26L,https://gamma-requester.mturk.com/workers/A38KCCSGBFR26L,1,1,100.00%,0,0,0.00%,0,0,0.00%,,,,,,,,,,,,,,,,,1,,,,,,,,,,,,,,,,,,,,,,Never Blocked,,
1764,A38L6MQP80Q4ZV,https://gamma-requester.mturk.com/workers/A38L6MQP80Q4ZV,1,1,100.00%,1,1,100.00%,0,0,0.00%,,,,,,,,,,,,,1,,,,,,,,,,,,,,,,,,,,,,,,,,Never Blocked,,
1765,A38L8T6E70LVYE,https://gamma-requester.mturk.com/workers/A38L8T6E70LVYE,4,4,100.00%,0,0,0.00%,0,0,0.00%,,,,,,,1,,,,,,,,,,100,,,,,,,,,,,,,,,,,,1,,,,Never Blocked,,
1766,A38OKN8QAGRENA,https://gamma-requester.mturk.com/workers/A38OKN8QAGRENA,1,1,100.00%,0,0,0.00%,0,0,0.00%,,,,,,,,,,,,,,,,,1,,,,,,,,,,,,,,,,,,,,,,Never Blocked,,
1767,A38OPVI04AH4JG,https://gamma-requester.mturk.com/workers/A38OPVI04AH4JG,1,1,100.00%,0,0,0.00%,0,0,0.00%,1,,,,,,,,,,,,,,,,100,,,,,,,,0,,0,,,,,,1,,,,,,Never Blocked,,
1768,A38PDC36OO9X5J,https://gamma-requester.mturk.com/workers/A38PDC36OO9X5J,1,1,100.00%,0,0,0.00%,0,0,0.00%,,,,,,,,,,,,,,,,,1,,,,,,,,,,,,,,,,,,,,,,Never Blocked,,
1769,A38QGJJOZANQ4B,https://gamma-requester.mturk.com/workers/A38QGJJOZANQ4B,1,1,100.00%,0,0,0.00%,0,0,0.00%,1,,,,,,,,,,,,,,,,100,,,,,,,,0,,0,,,,,,,,,,1,,Never Blocked,,
1770,A38T8YVJKFPMW5,https://gamma-requester.mturk.com/workers/A38T8YVJKFPMW5,2,2,100.00%,0,0,0.00%,0,0,0.00%,,,,,,,,,,,,,,,1,,,,,,,,1,,,,,,,,,,,,,,,,Never Blocked,,
1771,A38VFGL477QDJC,https://gamma-requester.mturk.com/workers/A38VFGL477QDJC,4,4,100.00%,0,0,0.00%,0,0,0.00%,1,,,,,,,,,,,,,,,,100,,,,,,,,0,,0,,1,,1,,1,,,,,,Never Blocked,,
1772,A38WYT615SU6FR,https://gamma-requester.mturk.com/workers/A38WYT615SU6FR,1,1,100.00%,0,0,0.00%,0,0,0.00%,,,,,,,,,,,,,,,,,100,,,,,,,,,,,,,,,,,,,,,,Never Blocked,,
1773,A38XRCVYVF4A31,https://gamma-requester.mturk.com/workers/A38XRCVYVF4A31,1,1,100.00%,0,0,0.00%,0,0,0.00%,1,,,,,,,,,,,,,,,,100,,,,,,,,0,,0,,,,,,1,,,,,,Never Blocked,,
1774,A38Z7Q3V5E2Q70,https://gamma-requester.mturk.com/workers/A38Z7Q3V5E2Q70,1,1,100.00%,0,0,0.00%,0,0,0.00%,1,,,,,,,,,,,,,,,,100,,,,,,,,0,,0,,,,,,,,,,,,Never Blocked,,
1775,A38ZLNCTSUGW7,https://gamma-requester.mturk.com/workers/A38ZLNCTSUGW7,1,1,100.00%,0,0,0.00%,0,0,0.00%,1,,,,,,,,,,,,,,,,100,,,,,,,,0,,0,,,,,,,,,,1,,Never Blocked,,
1776,A390B7Y3DQKNH8,https://gamma-requester.mturk.com/workers/A390B7Y3DQKNH8,1,1,100.00%,0,0,0.00%,0,0,0.00%,,,,,,,,,,,,,,,,,1,,,,,,,,,,,,,,,,,,,,,,Never Blocked,,
1777,A391L408MBCJCT,https://gamma-requester.mturk.com/workers/A391L408MBCJCT,2,2,100.00%,0,0,0.00%,0,0,0.00%,1,,,,,,,,,,,,,,,,100,,,,,,,,0,,0,,,,1,,1,,,,,,Never Blocked,,
1778,A392P1JQB1KR2E,https://gamma-requester.mturk.com/workers/A392P1JQB1KR2E,3,3,100.00%,0,0,0.00%,0,0,0.00%,1,,,,,,,,,,,,,,,,100,,,,,,,,0,,0,,1,,1,,1,,,,,,Never Blocked,,
1779,A392T5MVO03DUU,https://gamma-requester.mturk.com/workers/A392T5MVO03DUU,3,3,100.00%,0,0,0.00%,0,0,0.00%,1,,,,,,,,,,,,,,,,100,,,,,,,,0,,0,,1,,1,,1,,,,,,Never Blocked,,
1780,A3948CIS0U9R41,https://gamma-requester.mturk.com/workers/A3948CIS0U9R41,1,1,100.00%,0,0,0.00%,0,0,0.00%,,,,,,,,,,,,,,,,,100,,,,,,,,,,,,,,,,,,,,,,Never Blocked,,
1781,A394S7JSNUA3TS,https://gamma-requester.mturk.com/workers/A394S7JSNUA3TS,1,1,100.00%,0,0,0.00%,0,0,0.00%,,,,,,,,,,,,,,,,,,,,,,,,,,,,,,,,,,,,,,,Never Blocked,,
1782,A39D0EVFM2ZQNA,https://gamma-requester.mturk.com/workers/A39D0EVFM2ZQNA,1,1,100.00%,0,0,0.00%,0,0,0.00%,,,,,,,,,,,,,,,,,,,,,,,,,,,,,,,,,,,,,,,Never Blocked,,
1783,A39DSE6G7810XB,https://gamma-requester.mturk.com/workers/A39DSE6G7810XB,1,1,100.00%,0,0,0.00%,0,0,0.00%,1,,,,,,,,,,,,,,,,100,,,,,,,,0,,0,,,,,,,,,,,,Never Blocked,,
1784,A39EH9228GV09X,https://gamma-requester.mturk.com/workers/A39EH9228GV09X,1,1,100.00%,0,0,0.00%,0,0,0.00%,1,,,,,,,,,,,,,,,,100,,,,,,,,0,,0,,,,,,,,,,,,Never Blocked,,
1785,A39FMG8IFNI7ZH,https://gamma-requester.mturk.com/workers/A39FMG8IFNI7ZH,1,1,100.00%,0,0,0.00%,0,0,0.00%,,,,,,,,,,,,,,,,,,,,,,,,,,,,,,,,,,,,,,,Never Blocked,,
1786,A39GP79ULCP9J2,https://gamma-requester.mturk.com/workers/A39GP79ULCP9J2,1,1,100.00%,0,0,0.00%,0,0,0.00%,1,,,,,,,,,,,,,,,,100,,,,,,,,0,,0,,,,,,1,,,,,,Never Blocked,,
1787,A39H9RIYRB5ZYV,https://gamma-requester.mturk.com/workers/A39H9RIYRB5ZYV,1,1,100.00%,0,0,0.00%,0,0,0.00%,1,,,,,,,,,,,,,,,,100,,,,,,,,0,,0,,,,,,1,,,,,,Never Blocked,,
1788,A39JL0U9RYW7BB,https://gamma-requester.mturk.com/workers/A39JL0U9RYW7BB,0,0,0.00%,0,0,0.00%,0,0,0.00%,,,,,,,,,,,,,,1,,,,,,,,,,,,,,,,,,,,,,,,,Never Blocked,,
1789,A39K5MR4MCSC56,https://gamma-requester.mturk.com/workers/A39K5MR4MCSC56,1,1,100.00%,0,0,0.00%,0,0,0.00%,1,,,,,,,,,,,,,,,,100,,,,,,,,0,,0,,,,,,,,,,,,Never Blocked,,
1790,A39KMTFHRJJASK,https://gamma-requester.mturk.com/workers/A39KMTFHRJJASK,3,3,100.00%,0,0,0.00%,0,0,0.00%,,,,,,,,,,,,,,,1,,,,,,,,1,,,,,,,,,,,,,,,,Never Blocked,,
1791,A39L5W9N08RN33,https://gamma-requester.mturk.com/workers/A39L5W9N08RN33,4,4,100.00%,0,0,0.00%,0,0,0.00%,1,,,,,,,,,,,,,,,,100,,,,,,,,0,,0,,1,,1,,1,,,,,,Never Blocked,,
1792,A39M9MFJ4GEPR4,https://gamma-requester.mturk.com/workers/A39M9MFJ4GEPR4,1,1,100.00%,0,0,0.00%,0,0,0.00%,,,,,,,,,,,,,,,,,,,,,,,,,,,,,,,,,,,1,,,,Never Blocked,,
1793,A39M9PZLH3J1NF,https://gamma-requester.mturk.com/workers/A39M9PZLH3J1NF,1,1,100.00%,0,0,0.00%,0,0,0.00%,,,,,,,,,,,,,,,,,,,,,,,,,,,,,,,,,,,1,,,,Never Blocked,,
1794,A39O8ACAQ7TAG5,https://gamma-requester.mturk.com/workers/A39O8ACAQ7TAG5,1,1,100.00%,0,0,0.00%,0,0,0.00%,1,,,,,,,,,,,,,,,,100,,,,,,,,0,,0,,,,,,,,,,1,,Never Blocked,,
1795,A39R7KTEPGL8VU,https://gamma-requester.mturk.com/workers/A39R7KTEPGL8VU,1,1,100.00%,0,0,0.00%,0,0,0.00%,1,,,,,,,,,,,,,,,,100,,,,,,,,0,,0,,,,,,,,,,,,Never Blocked,,
1796,A39RK7MCYMPG0T,https://gamma-requester.mturk.com/workers/A39RK7MCYMPG0T,1,1,100.00%,0,0,0.00%,0,0,0.00%,1,,,,,,,,,,,,,,,,100,,,,,,,,0,,0,,,,,,,,,,,,Never Blocked,,
1797,A39SIODIC49D03,https://gamma-requester.mturk.com/workers/A39SIODIC49D03,1,1,100.00%,0,0,0.00%,0,0,0.00%,,,,,,,,,,,,,,,1,,,,,,,,1,,,,,,,,,,,,,,,,Never Blocked,,
1798,A39TAEDYNFN1SS,https://gamma-requester.mturk.com/workers/A39TAEDYNFN1SS,1,1,100.00%,0,0,0.00%,0,0,0.00%,,,,,,,,,,,,,,,,,,,,,,,,,,,,,,,,,,,,,,,Never Blocked,,
1799,A39THQVCDUYC1V,https://gamma-requester.mturk.com/workers/A39THQVCDUYC1V,1,1,100.00%,0,0,0.00%,0,0,0.00%,,,,,,,,,,,,,,,1,,,,,,,,1,,,,,,,,,,,,,,,,Never Blocked,,
1800,A39VAFCIGP83ER,https://gamma-requester.mturk.com/workers/A39VAFCIGP83ER,2,2,100.00%,0,0,0.00%,0,0,0.00%,,,,,,,,,,,,,,,,,,,,,1,,,,,,,,,,,,,,1,,,,Never Blocked,,
1801,A39VZ93N96XB6O,https://gamma-requester.mturk.com/workers/A39VZ93N96XB6O,1,1,100.00%,0,0,0.00%,0,0,0.00%,1,,,,,,,,,,,,,,,,100,,,,,,,,0,,0,,,,,,,,,,1,,Never Blocked,,
1802,A39W6X3PAURUBT,https://gamma-requester.mturk.com/workers/A39W6X3PAURUBT,1,1,100.00%,0,0,0.00%,0,0,0.00%,1,,,,,,,,,,,,,,,,100,,,,,,,,0,,0,,,,,,,,,,,,Never Blocked,,
1803,A39WZD2C8BPP01,https://gamma-requester.mturk.com/workers/A39WZD2C8BPP01,4,4,100.00%,0,0,0.00%,0,0,0.00%,,,,,,,,,,,1,,,,,,1,,,,1,,,,,,,,,,,,,,,,,,Never Blocked,,
1804,A39XW0561NNM5C,https://gamma-requester.mturk.com/workers/A39XW0561NNM5C,4,4,100.00%,0,0,0.00%,0,0,0.00%,,,,,,,,,,,1,,,,1,,1,,,,,,1,,,,,,,,,,,,,,,,Never Blocked,,
1805,A39Y2UOHEAD0DT,https://gamma-requester.mturk.com/workers/A39Y2UOHEAD0DT,1,1,100.00%,0,0,0.00%,0,0,0.00%,1,,,,,,,,,,,,,,,,100,,,,,,,,0,,0,,,,,,,,,,1,,Never Blocked,,
1806,A39YIWM61A3P4R,https://gamma-requester.mturk.com/workers/A39YIWM61A3P4R,2,2,100.00%,0,0,0.00%,0,0,0.00%,1,,,,,,,,,,,,,,,,100,,,,,,,,0,,0,,,,,,,,,,,,Never Blocked,,
1807,A39Z3FVA8SIQFE,https://gamma-requester.mturk.com/workers/A39Z3FVA8SIQFE,1,1,100.00%,0,0,0.00%,0,0,0.00%,,,,,,,,,,,,,,,,,100,,,,,,,,,,,,,,,,,,,,,,Never Blocked,,
1808,A3A31C77CXQ7U9,https://gamma-requester.mturk.com/workers/A3A31C77CXQ7U9,1,1,100.00%,1,1,100.00%,0,0,0.00%,,,,,,,,,,,,,1,,,,,,,,,,,,,,,,,,,,,,,,,,Never Blocked,,
1809,A3A4F91SMWFSK8,https://gamma-requester.mturk.com/workers/A3A4F91SMWFSK8,2,2,100.00%,0,0,0.00%,0,0,0.00%,1,,,,,,,,,,,,,,,,100,,,,,,,,0,,0,,,,,,1,,,,,,Never Blocked,,
1810,A3A7ZQXHKZQ71I,https://gamma-requester.mturk.com/workers/A3A7ZQXHKZQ71I,3,3,100.00%,0,0,0.00%,0,0,0.00%,,,,,,,,,1,,,,,,,,1,,,,,,,,,,,,,,,,,,,,,,Never Blocked,,
1811,A3A8P4UR9A0DWQ,https://gamma-requester.mturk.com/workers/A3A8P4UR9A0DWQ,1,1,100.00%,0,0,0.00%,0,0,0.00%,,,,,,,1,,,,,,,,,,,,,,,,,,,,,,,,,,,,1,,,,Never Blocked,,
1812,A3AG4HCZTV8K27,https://gamma-requester.mturk.com/workers/A3AG4HCZTV8K27,1,1,100.00%,0,0,0.00%,0,0,0.00%,1,,,,,,,,,,,,,,,,100,,,,,,,,0,,0,,,,,,,,,,1,,Never Blocked,,
1813,A3AGU4FBSDDVYS,https://gamma-requester.mturk.com/workers/A3AGU4FBSDDVYS,1,1,100.00%,0,0,0.00%,0,0,0.00%,1,,,,,,,,,,,,,,,,100,,,,,,,,0,,0,,,,,,1,,,,,,Never Blocked,,
1814,A3AHPM404QJS3B,https://gamma-requester.mturk.com/workers/A3AHPM404QJS3B,1,1,100.00%,0,0,0.00%,0,0,0.00%,,,,,,,,,,,,,,,,,1,,,,,,,,,,,,,,,,,,,,,,Never Blocked,,
1815,A3AIRKDB2DMC7U,https://gamma-requester.mturk.com/workers/A3AIRKDB2DMC7U,1,1,100.00%,0,0,0.00%,0,0,0.00%,1,,,,,,,,,,,,,,,,100,,,,,,,,0,,0,,,,,,,,,,1,,Never Blocked,,
1816,A3AP9VARTGQH3T,https://gamma-requester.mturk.com/workers/A3AP9VARTGQH3T,1,1,100.00%,0,0,0.00%,0,0,0.00%,,,,,,,,,,,,,,,1,,,,,,,,1,,,,,,,,,,,,,,,,Never Blocked,,
1817,A3APKUC67F9IMW,https://gamma-requester.mturk.com/workers/A3APKUC67F9IMW,1,1,100.00%,0,0,0.00%,0,0,0.00%,1,,,,,,,,,,,,,,,,100,,,,,,,,0,,0,,,,,,,,,,1,,Never Blocked,,
1818,A3AQTZD885IB36,https://gamma-requester.mturk.com/workers/A3AQTZD885IB36,1,1,100.00%,0,0,0.00%,0,0,0.00%,1,,,,,,,,,,,,,,,,100,,,,,,,,0,,0,,,,,,,,,,,,Never Blocked,,
1819,A3ASXZ8JVCVNI1,https://gamma-requester.mturk.com/workers/A3ASXZ8JVCVNI1,1,1,100.00%,0,0,0.00%,0,0,0.00%,1,,,,,,,,,,,,,,,,100,,,,,,,,0,,0,,,,,,1,,,,,,Never Blocked,,
1820,A3ATB5GC4BQIH0,https://gamma-requester.mturk.com/workers/A3ATB5GC4BQIH0,4,4,100.00%,0,0,0.00%,0,0,0.00%,,,,,,,,,,,,,,,1,,,,,,1,,1,,,,,,,,,,,,1,,,,Never Blocked,,
1821,A3AU8PZ6HHBCVT,https://gamma-requester.mturk.com/workers/A3AU8PZ6HHBCVT,3,3,100.00%,0,0,0.00%,0,0,0.00%,,,,,,,,,,,,,,,1,,100,,,,,,1,,,,,,,,,,,,,,,,Never Blocked,,
1822,A3AYJ3CI1OLEZE,https://gamma-requester.mturk.com/workers/A3AYJ3CI1OLEZE,1,1,100.00%,0,0,0.00%,0,0,0.00%,1,,,,,,,,,,,,,,,,100,,,,,,,,0,,0,,,,,,,,,,1,,Never Blocked,,
1823,A3AYSGOKV79LJK,https://gamma-requester.mturk.com/workers/A3AYSGOKV79LJK,2,2,100.00%,0,0,0.00%,0,0,0.00%,,,,,,,,,,,1,,,,,,1,,,,,,,,,,,,,,,,,,,,,,Never Blocked,,
1824,A3B0CMCBWAND7,https://gamma-requester.mturk.com/workers/A3B0CMCBWAND7,5,5,100.00%,0,0,0.00%,0,0,0.00%,1,,,,,,,,,,,,,,,,100,,,,,,,,1,,1,,1,,1,,1,,,,,,Never Blocked,,
1825,A3B1P3B6X3AM2B,https://gamma-requester.mturk.com/workers/A3B1P3B6X3AM2B,1,1,100.00%,0,0,0.00%,0,0,0.00%,1,,,,,,,,,,,,,,,,100,,,,,,,,0,,0,,,,,,,,,,1,,Never Blocked,,
1826,A3B6QIXJO5BNT5,https://gamma-requester.mturk.com/workers/A3B6QIXJO5BNT5,1,1,100.00%,0,0,0.00%,0,0,0.00%,1,,,,,,,,,,,,,,,,100,,,,,,,,0,,0,,,,,,,,,,,,Never Blocked,,
1827,A3B84NGQT7Z9WE,https://gamma-requester.mturk.com/workers/A3B84NGQT7Z9WE,1,1,100.00%,0,0,0.00%,0,0,0.00%,1,,,,,,,,,,,,,,,,100,,,,,,,,0,,0,,,,,,,,,,,,Never Blocked,,
1828,A3B8DP6KHMP3OS,https://gamma-requester.mturk.com/workers/A3B8DP6KHMP3OS,4,4,100.00%,0,0,0.00%,0,0,0.00%,1,,,,,,,,,,,,,,,,100,,,,,,,,1,,1,,1,,1,,1,,,,,,Never Blocked,,
1829,A3B9689J680DVG,https://gamma-requester.mturk.com/workers/A3B9689J680DVG,0,0,0.00%,0,0,0.00%,0,0,0.00%,,,,,,,,,,,,,,1,,,,,,,,,,,,,,,,,,,,,,,,,Never Blocked,,
1830,A3B9QNYDDXGL9I,https://gamma-requester.mturk.com/workers/A3B9QNYDDXGL9I,1,1,100.00%,0,0,0.00%,0,0,0.00%,1,,,,,,,,,,,,,,,,100,,,,,,,,0,,0,,,,,,,,,,1,,Never Blocked,,
1831,A3BBVEIR1KJFT0,https://gamma-requester.mturk.com/workers/A3BBVEIR1KJFT0,4,4,100.00%,0,0,0.00%,0,0,0.00%,1,,,,,,,,,,,,,,,,100,,,,,,,,0,,0,,1,,1,,1,,,,,,Never Blocked,,
1832,A3BD6HXLYH3CGH,https://gamma-requester.mturk.com/workers/A3BD6HXLYH3CGH,2,2,100.00%,0,0,0.00%,0,0,0.00%,,,,,,,,,,,,,,,1,,,,,,,,1,,,,,,,,,,,,,,,,Never Blocked,,
1833,A3BDMR7VKG8GRZ,https://gamma-requester.mturk.com/workers/A3BDMR7VKG8GRZ,1,1,100.00%,0,0,0.00%,0,0,0.00%,,,,,,,,,,,,,,,1,,,,,,,,1,,,,,,,,,,,,,,,,Never Blocked,,
1834,A3BJ95HQQ28GTE,https://gamma-requester.mturk.com/workers/A3BJ95HQQ28GTE,1,1,100.00%,0,0,0.00%,0,0,0.00%,1,,,,,,,,,,,,,,,,100,,,,,,,,0,,0,,,,,,,,,,,,Never Blocked,,
1835,A3BJHUEY6OGLPA,https://gamma-requester.mturk.com/workers/A3BJHUEY6OGLPA,1,1,100.00%,1,1,100.00%,0,0,0.00%,,,,,,,,,,,,,1,,,,,,,,,,,,,,,,,,,,,,,,,,Never Blocked,,
1836,A3BJTC39BU7R4V,https://gamma-requester.mturk.com/workers/A3BJTC39BU7R4V,1,1,100.00%,0,0,0.00%,0,0,0.00%,1,,,,,,,,,,,,,,,,100,,,,,,,,0,,0,,,,,,,,,,1,,Never Blocked,,
1837,A3BKUY3SFZKK6T,https://gamma-requester.mturk.com/workers/A3BKUY3SFZKK6T,1,1,100.00%,0,0,0.00%,0,0,0.00%,1,,,,,,,,,,,,,,,,100,,,,,,,,0,,0,,,,,,,,,,1,,Never Blocked,,
1838,A3BM2QI9E6G3KS,https://gamma-requester.mturk.com/workers/A3BM2QI9E6G3KS,2,2,100.00%,0,0,0.00%,0,0,0.00%,,,,,,,,,,,1,,,,,,1,,,,,,,,,,,,,,,,,,,,,,Never Blocked,,
1839,A3BN6OHS4JRCLH,https://gamma-requester.mturk.com/workers/A3BN6OHS4JRCLH,1,1,100.00%,0,0,0.00%,0,0,0.00%,1,,,,,,,,,,,,,,,,100,,,,,,,,0,,0,,,,,,,,,,1,,Never Blocked,,
1840,A3BO3HMV0F7Q5H,https://gamma-requester.mturk.com/workers/A3BO3HMV0F7Q5H,5,5,100.00%,0,0,0.00%,0,0,0.00%,1,,,,,,,,,,,,,,,,100,,,,,,,,1,,1,,1,,1,,1,,,,,,Never Blocked,,
1841,A3BU8UL4W258UU,https://gamma-requester.mturk.com/workers/A3BU8UL4W258UU,3,3,100.00%,0,0,0.00%,0,0,0.00%,1,,,,,,,,,,,,,,,,100,,,,1,,,,0,,0,,,,,,,,1,,1,,Never Blocked,,
1842,A3BUWQ5C39GRQC,https://gamma-requester.mturk.com/workers/A3BUWQ5C39GRQC,1,1,100.00%,0,0,0.00%,0,0,0.00%,1,,,,,,,,,,,,,,,,100,,,,,,,,0,,0,,,,,,,,,,,,Never Blocked,,
1843,A3BXT78QXFC6F3,https://gamma-requester.mturk.com/workers/A3BXT78QXFC6F3,1,1,100.00%,0,0,0.00%,0,0,0.00%,1,,,,,,,,,,,,,,,,100,,,,,,,,0,,0,,,,,,,,,,,,Never Blocked,,
1844,A3BZ59M59R0TF5,https://gamma-requester.mturk.com/workers/A3BZ59M59R0TF5,1,1,100.00%,0,0,0.00%,0,0,0.00%,1,,,,,,,,,,,,,,,,100,,,,,,,,0,,0,,,,,,,,,,1,,Never Blocked,,
1845,A3C2X1L5PVNNLV,https://gamma-requester.mturk.com/workers/A3C2X1L5PVNNLV,1,1,100.00%,0,0,0.00%,0,0,0.00%,1,,,,,,,,,,,,,,,,100,,,,,,,,0,,0,,,,,,,,,,1,,Never Blocked,,
1846,A3C4UHWHON50ZQ,https://gamma-requester.mturk.com/workers/A3C4UHWHON50ZQ,4,4,100.00%,0,0,0.00%,0,0,0.00%,1,,,,,,,,,,,,,,,,100,,,,,,,,0,,1,,1,,1,,1,,,,,,Never Blocked,,
1847,A3C5TMQP0L94K4,https://gamma-requester.mturk.com/workers/A3C5TMQP0L94K4,1,1,100.00%,0,0,0.00%,0,0,0.00%,,,,,,,,,,,,,,,,,,,,,,,,,,,,,,,,,,,,,,,Never Blocked,,
1848,A3C7UUX3KOB4BZ,https://gamma-requester.mturk.com/workers/A3C7UUX3KOB4BZ,1,1,100.00%,0,0,0.00%,0,0,0.00%,1,,,,,,,,,,,,,,,,100,,,,,,,,0,,0,,,,,,,,,,,,Never Blocked,,
1849,A3C8E7YVLNEQKA,https://gamma-requester.mturk.com/workers/A3C8E7YVLNEQKA,1,1,100.00%,0,0,0.00%,0,0,0.00%,,,,,,,,,,,1,,,,,,1,,,,,,,,,,,,,,,,,,,,,,Never Blocked,,
1850,A3C8HXKXU3ABY6,https://gamma-requester.mturk.com/workers/A3C8HXKXU3ABY6,2,2,100.00%,0,0,0.00%,0,0,0.00%,1,,,,,,,,,,,,,,,,100,,,,,,,,0,,0,,,,1,,1,,,,,,Never Blocked,,
1851,A3C8JI69WPTKWH,https://gamma-requester.mturk.com/workers/A3C8JI69WPTKWH,1,1,100.00%,0,0,0.00%,0,0,0.00%,1,,,,,,,,,,,,,,,,100,,,,,,,,0,,0,,,,,,,,,,1,,Never Blocked,,
1852,A3C9PFHICX57P7,https://gamma-requester.mturk.com/workers/A3C9PFHICX57P7,1,1,100.00%,0,0,0.00%,0,0,0.00%,1,,,,,,,,,,,,,,,,100,,,,,,,,0,,0,,,,,,,,,,1,,Never Blocked,,
1853,A3CAWV4I3H12IE,https://gamma-requester.mturk.com/workers/A3CAWV4I3H12IE,3,3,100.00%,0,0,0.00%,0,0,0.00%,1,,,,,,,,,,,,,,,,100,,,,,,,,0,,0,,,,1,,1,,,,,,Never Blocked,,
1854,A3CBN6Y98YGAHZ,https://gamma-requester.mturk.com/workers/A3CBN6Y98YGAHZ,1,1,100.00%,0,0,0.00%,0,0,0.00%,1,,,,,,,,,,,,,,,,100,,,,,,,,0,,0,,,,,,,,,,,,Never Blocked,,
1855,A3CCEIJXJ10GST,https://gamma-requester.mturk.com/workers/A3CCEIJXJ10GST,1,1,100.00%,0,0,0.00%,0,0,0.00%,,,,,,,,,,,,,,,,,,,,,1,,,,,,,,,,,,,,,,,,Never Blocked,,
1856,A3CCFD0700KTPV,https://gamma-requester.mturk.com/workers/A3CCFD0700KTPV,1,1,100.00%,0,0,0.00%,0,0,0.00%,,,,,,,,,,,,,,,,,,,,,,,,,,,,,,,,,,,,,,,Never Blocked,,
1857,A3CFG3M2O22KYQ,https://gamma-requester.mturk.com/workers/A3CFG3M2O22KYQ,1,0,0.00%,0,0,0.00%,0,0,0.00%,,,,,,,,,,,,,,,,,1,,,,0,,,,,,,,,,,,,,,,,,Never Blocked,,
1858,A3CGQOJC28OVGN,https://gamma-requester.mturk.com/workers/A3CGQOJC28OVGN,3,3,100.00%,1,1,100.00%,0,0,0.00%,1,,,,,,,,,,,,1,,,,100,,,,,,,,0,,0,,,,,,,,,,1,,Never Blocked,,
1859,A3CH1Z6J9R38G9,https://gamma-requester.mturk.com/workers/A3CH1Z6J9R38G9,4,4,100.00%,0,0,0.00%,0,0,0.00%,1,,,,,,,,,,,,,,1,,100,,,,1,,1,,0,,0,,,,,,,,1,,1,,Never Blocked,,
1860,A3CLHW8U4DXVI3,https://gamma-requester.mturk.com/workers/A3CLHW8U4DXVI3,1,1,100.00%,1,1,100.00%,1,1,100.00%,,,,,,,,,,,,,1,1,,,,,,,,,,,,,,,,,,,,,,,,,Never Blocked,,
1861,A3CMOHJ8HNNDPL,https://gamma-requester.mturk.com/workers/A3CMOHJ8HNNDPL,1,1,100.00%,0,0,0.00%,0,0,0.00%,1,,,,,,,,,,,,,,,,100,,,,,,,,0,,0,,,,,,,,,,,,Never Blocked,,
1862,A3CSATWFK13YUG,https://gamma-requester.mturk.com/workers/A3CSATWFK13YUG,1,1,100.00%,0,0,0.00%,0,0,0.00%,,,,,,,,,,,,,,,,,,,,,,,,,,,,,,,,,,,,,,,Never Blocked,,
1863,A3CTXNQ2GXIQSP,https://gamma-requester.mturk.com/workers/A3CTXNQ2GXIQSP,1,1,100.00%,0,0,0.00%,0,0,0.00%,1,,,,,,,,,,,,,,,,100,,,,,,,,0,,0,,,,,,,,,,1,,Never Blocked,,
1864,A3CUC3XQC5WQCA,https://gamma-requester.mturk.com/workers/A3CUC3XQC5WQCA,0,0,0.00%,0,0,0.00%,0,0,0.00%,,,,,,,,,,,,,,1,,,,,,,,,,,,,,,,,,,,,,,,,Never Blocked,,
1865,A3CVX7GHF3B65Q,https://gamma-requester.mturk.com/workers/A3CVX7GHF3B65Q,5,5,100.00%,0,0,0.00%,0,0,0.00%,1,,,,,,,,,,,,,,,,100,,,,,,,,1,,1,,1,,1,,1,,,,,,Never Blocked,,
1866,A3CZNH7V7RD29,https://gamma-requester.mturk.com/workers/A3CZNH7V7RD29,1,1,100.00%,0,0,0.00%,0,0,0.00%,1,,,,,,,,,,,,,,,,100,,,,,,,,0,,0,,,,,,,,,,,,Never Blocked,,
1867,A3D3FNUSK1A2P6,https://gamma-requester.mturk.com/workers/A3D3FNUSK1A2P6,2,2,100.00%,0,0,0.00%,0,0,0.00%,,,,,,,1,,,,,,,,,,,,,,,,,,,,,,,,,,,,,,,,Never Blocked,,
1868,A3D4ZHM3ABM5Z3,https://gamma-requester.mturk.com/workers/A3D4ZHM3ABM5Z3,1,1,100.00%,0,0,0.00%,0,0,0.00%,,,,,,,,,,,,,,,,,100,,,,,,,,,,,,,,,,,,,,,,Never Blocked,,
1869,A3D6VDP1APQF3D,https://gamma-requester.mturk.com/workers/A3D6VDP1APQF3D,1,1,100.00%,0,0,0.00%,0,0,0.00%,1,,,,,,,,,,,,,,,,100,,,,,,,,0,,0,,,,,,,,,,1,,Never Blocked,,
1870,A3D8W0N5BI5IDV,https://gamma-requester.mturk.com/workers/A3D8W0N5BI5IDV,1,1,100.00%,0,0,0.00%,0,0,0.00%,,,,,,,,,,,,,,,,,,,,,,,,,,,,,,,,,,,1,,,,Never Blocked,,
1871,A3D8YUG5D5I4ER,https://gamma-requester.mturk.com/workers/A3D8YUG5D5I4ER,2,2,100.00%,0,0,0.00%,0,0,0.00%,,,,,,,,,,,,,,,1,,,,,,,,1,,,,,,,,,,,,,,,,Never Blocked,,
1872,A3D9PJ37U7LCHE,https://gamma-requester.mturk.com/workers/A3D9PJ37U7LCHE,2,2,100.00%,0,0,0.00%,0,0,0.00%,,,,,,,,,,,1,,,,,,1,,,,,,,,,,,,,,,,,,,,,,Never Blocked,,
1873,A3DBJE021XUXLU,https://gamma-requester.mturk.com/workers/A3DBJE021XUXLU,1,1,100.00%,1,1,100.00%,0,0,0.00%,,,,,,,,,,,,,1,,,,,,,,,,,,,,,,,,,,,,,,,,Never Blocked,,
1874,A3DDX5H7ZGXMYF,https://gamma-requester.mturk.com/workers/A3DDX5H7ZGXMYF,1,1,100.00%,0,0,0.00%,0,0,0.00%,1,,,,,,,,,,,,,,,,100,,,,,,,,0,,0,,,,,,,,,,1,,Never Blocked,,
1875,A3DFUI6OKBNNGI,https://gamma-requester.mturk.com/workers/A3DFUI6OKBNNGI,2,2,100.00%,0,0,0.00%,0,0,0.00%,,,,,,,,,,,,,,,,,100,,,,,,,,,,,,,,,,,,,,,,Never Blocked,,
1876,A3DFZQAOZ0NK2Q,https://gamma-requester.mturk.com/workers/A3DFZQAOZ0NK2Q,1,1,100.00%,0,0,0.00%,0,0,0.00%,,,,,,,,,,,,,,,,,100,,,,,,,,,,,,,,,,,,,,,,Never Blocked,,
1877,A3DLP5ADP74EI0,https://gamma-requester.mturk.com/workers/A3DLP5ADP74EI0,2,2,100.00%,1,1,100.00%,1,1,100.00%,,,,,,,,,,,,,1,1,1,,,,,,,,1,,,,,,,,,,,,,,,,Never Blocked,,
1878,A3DP9IH8W5OXJL,https://gamma-requester.mturk.com/workers/A3DP9IH8W5OXJL,2,2,100.00%,0,0,0.00%,0,0,0.00%,,,,,,,1,,,,,,,,,,,,,,,,,,,,,,,,,,,,,,,,Never Blocked,,
1879,A3DRG8YJS2JGRR,https://gamma-requester.mturk.com/workers/A3DRG8YJS2JGRR,1,1,100.00%,0,0,0.00%,0,0,0.00%,1,,,,,,,,,,,,,,,,100,,,,,,,,0,,0,,,,,,,,,,1,,Never Blocked,,
1880,A3DS5B06ZCD3E3,https://gamma-requester.mturk.com/workers/A3DS5B06ZCD3E3,3,3,100.00%,0,0,0.00%,0,0,0.00%,1,,,,,,,,,,,,,,,,100,,,,,,,,0,,0,,1,,1,,1,,,,,,Never Blocked,,
1881,A3DT1TJRHSUAGZ,https://gamma-requester.mturk.com/workers/A3DT1TJRHSUAGZ,1,1,100.00%,0,0,0.00%,0,0,0.00%,1,,,,,,,,,,,,,,,,100,,,,,,,,0,,0,,,,,,,,,,1,,Never Blocked,,
1882,A3DT3GVRBFVXDZ,https://gamma-requester.mturk.com/workers/A3DT3GVRBFVXDZ,1,1,100.00%,0,0,0.00%,0,0,0.00%,,,,,,,,,,,,,,,,,1,,,,,,,,,,,,,,,,,,,,,,Never Blocked,,
1883,A3DTGPD123J8IN,https://gamma-requester.mturk.com/workers/A3DTGPD123J8IN,0,0,0.00%,0,0,0.00%,0,0,0.00%,,,,,,,,,,,,,,1,,,,,,,,,,,,,,,,,,,,,,,,,Never Blocked,,
1884,A3DW5DN6ZR69OQ,https://gamma-requester.mturk.com/workers/A3DW5DN6ZR69OQ,3,3,100.00%,0,0,0.00%,0,0,0.00%,,,,,,,,,,,,,,,1,,,,,,1,,1,,,,,,,,,,,,,,,,Never Blocked,,
1885,A3DW6KSQPG6GVQ,https://gamma-requester.mturk.com/workers/A3DW6KSQPG6GVQ,3,3,100.00%,1,1,100.00%,0,0,0.00%,,,,,,,,,,,,,1,,,,,,,,,,,,,,,,,,,,,,1,,,,Never Blocked,,
1886,A3DZ46U9XRLVBI,https://gamma-requester.mturk.com/workers/A3DZ46U9XRLVBI,1,1,100.00%,0,0,0.00%,0,0,0.00%,1,,,,,,,,,,,,,,,,100,,,,,,,,0,,0,,,,,,1,,,,,,Never Blocked,,
1887,A3E01V6BFM5DVR,https://gamma-requester.mturk.com/workers/A3E01V6BFM5DVR,1,1,100.00%,0,0,0.00%,0,0,0.00%,,,,,,,,,,,,,,,,,100,,,,,,,,,,,,,,,,,,,,,,Never Blocked,,
1888,A3E0IFFHYQPLFE,https://gamma-requester.mturk.com/workers/A3E0IFFHYQPLFE,2,2,100.00%,0,0,0.00%,0,0,0.00%,,,,,,,,,,,,,,,,,100,,,,,,,,,,,,,,,,,,1,,,,Never Blocked,,
1889,A3E3H1NCSN4DQK,https://gamma-requester.mturk.com/workers/A3E3H1NCSN4DQK,3,3,100.00%,0,0,0.00%,0,0,0.00%,,,,,,,,,,,1,,,,,,1,,,,,,,,,,,,,,,,,,,,,,Never Blocked,,
1890,A3E5890XYS8EV2,https://gamma-requester.mturk.com/workers/A3E5890XYS8EV2,1,1,100.00%,0,0,0.00%,0,0,0.00%,1,,,,,,,,,,,,,,,,100,,,,,,,,0,,0,,,,,,,,,,,,Never Blocked,,
1891,A3E74I2YTGJCRF,https://gamma-requester.mturk.com/workers/A3E74I2YTGJCRF,1,1,100.00%,0,0,0.00%,0,0,0.00%,1,,,,,,,,,,,,,,,,100,,,,,,,,0,,0,,,,,,,,,,,,Never Blocked,,
1892,A3E85JBWPSBQEO,https://gamma-requester.mturk.com/workers/A3E85JBWPSBQEO,1,1,100.00%,0,0,0.00%,0,0,0.00%,,,,,,,,,,,,,,,,,,,,,,,,,,,,,,,,,,,1,,,,Never Blocked,,
1893,A3E8GACA13UD1X,https://gamma-requester.mturk.com/workers/A3E8GACA13UD1X,2,2,100.00%,1,1,100.00%,0,0,0.00%,,,,,,,,,,,,,1,,1,,,,,,,,,,,,,,,,,,,,,,,,Never Blocked,,
1894,A3E8SXH0BAYG85,https://gamma-requester.mturk.com/workers/A3E8SXH0BAYG85,1,1,100.00%,0,0,0.00%,0,0,0.00%,,,,,,,,,,,,,,,,,,,,,,,,,,,,,,,,,,,,,,,Never Blocked,,
1895,A3EACFQ6SA5TDI,https://gamma-requester.mturk.com/workers/A3EACFQ6SA5TDI,1,1,100.00%,0,0,0.00%,0,0,0.00%,1,,,,,,,,,,,,,,,,100,,,,,,,,0,,0,,,,,,1,,,,,,Never Blocked,,
1896,A3EBIC3PKUSKCL,https://gamma-requester.mturk.com/workers/A3EBIC3PKUSKCL,1,1,100.00%,0,0,0.00%,0,0,0.00%,,,,,,,,,1,,,,,,,,1,,,,,,,,,,,,,,,,,,,,,,Never Blocked,,
1897,A3EC3OP6U52JYC,https://gamma-requester.mturk.com/workers/A3EC3OP6U52JYC,1,1,100.00%,0,0,0.00%,0,0,0.00%,1,,,,,,,,,,,,,,,,100,,,,,,,,0,,0,,,,,,,,,,1,,Never Blocked,,
1898,A3EEBRYLKISDVM,https://gamma-requester.mturk.com/workers/A3EEBRYLKISDVM,1,1,100.00%,0,0,0.00%,0,0,0.00%,,,,,,,,,,,1,,,,,,1,,,,,,,,,,,,,,,,,,,,,,Never Blocked,,
1899,A3EFT5ETMGRUC2,https://gamma-requester.mturk.com/workers/A3EFT5ETMGRUC2,1,1,100.00%,0,0,0.00%,0,0,0.00%,,,,,,,,,,,,,,,,,1,,,,,,,,,,,,,,,,,,,,,,Never Blocked,,
1900,A3EGESE0ZZEGGQ,https://gamma-requester.mturk.com/workers/A3EGESE0ZZEGGQ,1,1,100.00%,0,0,0.00%,0,0,0.00%,1,,,,,,,,,,,,,,,,100,,,,,,,,0,,0,,,,,,,,,,,,Never Blocked,,
1901,A3EIVR2LS7CCWB,https://gamma-requester.mturk.com/workers/A3EIVR2LS7CCWB,1,1,100.00%,0,0,0.00%,0,0,0.00%,1,,,,,,,,,,,,,,,,100,,,,,,,,0,,0,,,,,,1,,,,,,Never Blocked,,
1902,A3EKR5FNVVN2CC,https://gamma-requester.mturk.com/workers/A3EKR5FNVVN2CC,1,1,100.00%,0,0,0.00%,0,0,0.00%,,,,,,,1,,,,,,,,,,,,,,,,,,,,,,,,,,,,,,,,Never Blocked,,
1903,A3EPL2KI81POLV,https://gamma-requester.mturk.com/workers/A3EPL2KI81POLV,1,1,100.00%,0,0,0.00%,0,0,0.00%,,,,,,,,,,,1,,,,,,1,,,,,,,,,,,,,,,,,,,,,,Never Blocked,,
1904,A3ER8ZJS9GFAS4,https://gamma-requester.mturk.com/workers/A3ER8ZJS9GFAS4,1,1,100.00%,0,0,0.00%,0,0,0.00%,1,,,,,,,,,,,,,,,,100,,,,,,,,0,,0,,,,,,1,,,,,,Never Blocked,,
1905,A3EUE4HU9KNY1D,https://gamma-requester.mturk.com/workers/A3EUE4HU9KNY1D,1,1,100.00%,0,0,0.00%,0,0,0.00%,,,,,,,,,,,,,,,1,,,,,,,,1,,,,,,,,,,,,,,,,Never Blocked,,
1906,A3EUTK958GXP5Z,https://gamma-requester.mturk.com/workers/A3EUTK958GXP5Z,1,1,100.00%,0,0,0.00%,0,0,0.00%,1,,,,,,,,,,,,,,,,100,,,,,,,,0,,0,,,,,,,,,,,,Never Blocked,,
1907,A3EVLXA6P3XRBU,https://gamma-requester.mturk.com/workers/A3EVLXA6P3XRBU,2,2,100.00%,0,0,0.00%,0,0,0.00%,,,,,,,,,,,1,,,,,,1,,,,,,,,,,,,,,,,,,,,,,Never Blocked,,
1908,A3EVXSWHYA1PTT,https://gamma-requester.mturk.com/workers/A3EVXSWHYA1PTT,1,1,100.00%,0,0,0.00%,0,0,0.00%,1,,,,,,,,,,,,,,,,100,,,,,,,,0,,0,,,,,,,,,,1,,Never Blocked,,
1909,A3EWBTHYFI4I6Q,https://gamma-requester.mturk.com/workers/A3EWBTHYFI4I6Q,3,3,100.00%,0,0,0.00%,0,0,0.00%,,,,,,,,,,,,,,,1,,,,,,,,1,,,,,,,,,,,,,,,,Never Blocked,,
1910,A3EWKKJTP2GY2L,https://gamma-requester.mturk.com/workers/A3EWKKJTP2GY2L,1,1,100.00%,0,0,0.00%,0,0,0.00%,,,,,,,,,,,,,,,,,,,,,,,,,,,,,,,,,,,,,,,Never Blocked,,
1911,A3EZTGN5K8K95R,https://gamma-requester.mturk.com/workers/A3EZTGN5K8K95R,0,0,0.00%,0,0,0.00%,0,0,0.00%,,,,,,,,,,,,,,1,,,,,,,,,,,,,,,,,,,,,,,,,Never Blocked,,
1912,A3F08RS1DXP8PN,https://gamma-requester.mturk.com/workers/A3F08RS1DXP8PN,5,5,100.00%,0,0,0.00%,0,0,0.00%,1,,,,,,,,,,,,,,,,100,,,,,,,,1,,1,,1,,1,,1,,,,,,Never Blocked,,
1913,A3F51C49T9A34D,https://gamma-requester.mturk.com/workers/A3F51C49T9A34D,5,5,100.00%,0,0,0.00%,0,0,0.00%,1,,,,,,,,,,,,,,,,100,,,,,,,,1,,1,,1,,1,,1,,,,,,Never Blocked,,
1914,A3F8K7ZV8AX8UR,https://gamma-requester.mturk.com/workers/A3F8K7ZV8AX8UR,1,1,100.00%,0,0,0.00%,0,0,0.00%,1,,,,,,,,,,,,,,,,100,,,,,,,,0,,0,,,,,,,,,,1,,Never Blocked,,
1915,A3F90N8YVKJ4I7,https://gamma-requester.mturk.com/workers/A3F90N8YVKJ4I7,5,5,100.00%,0,0,0.00%,0,0,0.00%,1,,,,,,,,,,,,,,,,100,,,,,,,,1,,1,,1,,1,,1,,,,,,Never Blocked,,
1916,A3F9SDTQR4PEDY,https://gamma-requester.mturk.com/workers/A3F9SDTQR4PEDY,1,1,100.00%,0,0,0.00%,0,0,0.00%,,,,,,,,,,,,,,,,,1,,,,,,,,,,,,,,,,,,,,,,Never Blocked,,
1917,A3FAQHVPI8OUP0,https://gamma-requester.mturk.com/workers/A3FAQHVPI8OUP0,4,4,100.00%,0,0,0.00%,0,0,0.00%,1,,,,,,,,,,,,,,,,100,,,,,,,,0,,1,,1,,1,,1,,,,,,Never Blocked,,
1918,A3FCIQHW04CX5R,https://gamma-requester.mturk.com/workers/A3FCIQHW04CX5R,1,1,100.00%,0,0,0.00%,0,0,0.00%,1,,,,,,,,,,,,,,,,100,,,,,,,,0,,0,,,,,,,,,,1,,Never Blocked,,
1919,A3FCZGFCVL8PAX,https://gamma-requester.mturk.com/workers/A3FCZGFCVL8PAX,1,1,100.00%,0,0,0.00%,0,0,0.00%,1,,,,,,,,,,,,,,,,100,,,,,,,,0,,0,,,,,,,,,,,,Never Blocked,,
1920,A3FGT6EU39C6S4,https://gamma-requester.mturk.com/workers/A3FGT6EU39C6S4,1,1,100.00%,0,0,0.00%,0,0,0.00%,1,,,,,,,,,,,,,,,,100,,,,,,,,0,,0,,,,,,,,,,1,,Never Blocked,,
1921,A3FJQY40AAYLDF,https://gamma-requester.mturk.com/workers/A3FJQY40AAYLDF,1,1,100.00%,0,0,0.00%,0,0,0.00%,,,,,,,,,1,,,,,,,,1,,,,,,,,,,,,,,,,,,,,,,Never Blocked,,
1922,A3FLAKX75XCXLT,https://gamma-requester.mturk.com/workers/A3FLAKX75XCXLT,3,3,100.00%,0,0,0.00%,0,0,0.00%,1,,,,,,,,,,,,,,,,100,,,,,,,,0,,0,,,,1,,1,,,,,,Never Blocked,,
1923,A3FNC8ELMK8YJA,https://gamma-requester.mturk.com/workers/A3FNC8ELMK8YJA,2,2,100.00%,0,0,0.00%,0,0,0.00%,1,,,,,,,,,,,,,,,,100,,,,,,,,0,,0,,,,1,,1,,,,,,Never Blocked,,
1924,A3FNG1BMC81YDC,https://gamma-requester.mturk.com/workers/A3FNG1BMC81YDC,1,1,100.00%,0,0,0.00%,0,0,0.00%,,,,,,,,,,,,,,,1,,,,,,,,1,,,,,,,,,,,,,,,,Never Blocked,,
1925,A3FOKP72T5I4FR,https://gamma-requester.mturk.com/workers/A3FOKP72T5I4FR,2,2,100.00%,0,0,0.00%,0,0,0.00%,1,,,,,,,,,,,,,,1,,100,,,,,,1,,0,,0,,,,,,,,,,1,,Never Blocked,,
1926,A3FT3XPTOWHJMY,https://gamma-requester.mturk.com/workers/A3FT3XPTOWHJMY,1,1,100.00%,0,0,0.00%,0,0,0.00%,1,,,,,,,,,,,,,,,,100,,,,,,,,0,,0,,,,,,,,,,1,,Never Blocked,,
1927,A3FUV80GZ06W23,https://gamma-requester.mturk.com/workers/A3FUV80GZ06W23,1,1,100.00%,0,0,0.00%,0,0,0.00%,,,,,,,,,,,,,,,1,,,,,,,,,,,,,,,,,,,,,,,,Never Blocked,,
1928,A3FVI656E4G5TN,https://gamma-requester.mturk.com/workers/A3FVI656E4G5TN,1,1,100.00%,0,0,0.00%,0,0,0.00%,1,,,,,,,,,,,,,,,,100,,,,,,,,0,,0,,,,,,,,,,,,Never Blocked,,
1929,A3FXXVWB4808XQ,https://gamma-requester.mturk.com/workers/A3FXXVWB4808XQ,1,1,100.00%,0,0,0.00%,0,0,0.00%,1,,,,,,,,,,,,,,,,100,,,,,,,,0,,0,,,,,,,,,,1,,Never Blocked,,
1930,A3FYWUZK52IC2J,https://gamma-requester.mturk.com/workers/A3FYWUZK52IC2J,1,1,100.00%,0,0,0.00%,0,0,0.00%,1,,,,,,,,,,,,,,,,100,,,,,,,,0,,0,,,,,,,,,,1,,Never Blocked,,
1931,A3G0ZHZ2559T3A,https://gamma-requester.mturk.com/workers/A3G0ZHZ2559T3A,1,1,100.00%,0,0,0.00%,0,0,0.00%,,,,,,,,,,,,,,,,,,,,,,,,,,,,,,,,,,,1,,,,Never Blocked,,
1932,A3G55RJTW3BSGM,https://gamma-requester.mturk.com/workers/A3G55RJTW3BSGM,4,4,100.00%,0,0,0.00%,0,0,0.00%,,,,,,,1,,,,,,,,1,,,,,,,,1,,,,,,,,,,,,,,,,Never Blocked,,
1933,A3G8JHYINIOP64,https://gamma-requester.mturk.com/workers/A3G8JHYINIOP64,1,1,100.00%,1,1,100.00%,0,0,0.00%,,,,,,,,,,,,,1,,,,,,,,,,,,,,,,,,,,,,,,,,Never Blocked,,
1934,A3G8XCOSTGW1CZ,https://gamma-requester.mturk.com/workers/A3G8XCOSTGW1CZ,1,1,100.00%,0,0,0.00%,0,0,0.00%,,,,,,,,,,,,,,,,,1,,,,,,,,,,,,,,,,,,,,,,Never Blocked,,
1935,A3GAQNTZ1V1VO,https://gamma-requester.mturk.com/workers/A3GAQNTZ1V1VO,1,1,100.00%,0,0,0.00%,0,0,0.00%,1,,,,,,,,,,,,,,,,100,,,,,,,,0,,0,,,,,,,,,,,,Never Blocked,,
1936,A3GC8HN0MYYY4,https://gamma-requester.mturk.com/workers/A3GC8HN0MYYY4,1,1,100.00%,0,0,0.00%,0,0,0.00%,,,,,,,1,,,,,,,,,,,,,,,,,,,,,,,,,,,,1,,,,Never Blocked,,
1937,A3GDF54AUYH2H5,https://gamma-requester.mturk.com/workers/A3GDF54AUYH2H5,1,1,100.00%,0,0,0.00%,0,0,0.00%,,,,,,,,,,,,,,,,,,,,,,,,,,,,,,,,,,,,,,,Never Blocked,,
1938,A3GF6AKYQH9ERB,https://gamma-requester.mturk.com/workers/A3GF6AKYQH9ERB,1,1,100.00%,0,0,0.00%,0,0,0.00%,1,,,,,,,,,,,,,,,,100,,,,,,,,0,,0,,,,,,,,,,,,Never Blocked,,
1939,A3GH8ENBIFBGY,https://gamma-requester.mturk.com/workers/A3GH8ENBIFBGY,2,2,100.00%,0,0,0.00%,0,0,0.00%,,,,,,,,,,,,,,,,,,,,,1,,,,,,,,,,,,,,,,,,Never Blocked,,
1940,A3GPYCHKB2KDLC,https://gamma-requester.mturk.com/workers/A3GPYCHKB2KDLC,1,1,100.00%,0,0,0.00%,0,0,0.00%,1,,,,,,,,,,,,,,,,100,,,,,,,,0,,0,,,,,,,,,,,,Never Blocked,,
1941,A3GSLLRY3SG7GJ,https://gamma-requester.mturk.com/workers/A3GSLLRY3SG7GJ,1,1,100.00%,0,0,0.00%,0,0,0.00%,1,,,,,,,,,,,,,,,,100,,,,,,,,0,,0,,,,,,,,,,1,,Never Blocked,,
1942,A3GWN5RZRS5L9I,https://gamma-requester.mturk.com/workers/A3GWN5RZRS5L9I,1,1,100.00%,0,0,0.00%,0,0,0.00%,1,,,,,,,,,,,,,,,,100,,,,,,,,0,,0,,,,,,,,,,,,Never Blocked,,
1943,A3GWRDHAURRNK6,https://gamma-requester.mturk.com/workers/A3GWRDHAURRNK6,1,1,100.00%,0,0,0.00%,0,0,0.00%,1,,,,,,,,,,,,,,,,100,,,,,,,,0,,0,,,,,,,,,,,,Never Blocked,,
1944,A3H0133NSXWYTM,https://gamma-requester.mturk.com/workers/A3H0133NSXWYTM,1,1,100.00%,0,0,0.00%,0,0,0.00%,1,,,,,,,,,,,,,,,,100,,,,,,,,0,,0,,,,,,,,,,1,,Never Blocked,,
1945,A3H1A5PGLBBWR0,https://gamma-requester.mturk.com/workers/A3H1A5PGLBBWR0,1,1,100.00%,0,0,0.00%,0,0,0.00%,,,,,,,,,,,,,,,,,1,,,,,,,,,,,,,,,,,,,,,,Never Blocked,,
1946,A3H2R42UQR0EPQ,https://gamma-requester.mturk.com/workers/A3H2R42UQR0EPQ,1,1,100.00%,1,1,100.00%,1,1,100.00%,,,,,,,,,,,,,1,1,,,,,,,,,,,,,,,,,,,,,,,,,Never Blocked,,
1947,A3H2ZK3SPCGXD9,https://gamma-requester.mturk.com/workers/A3H2ZK3SPCGXD9,1,1,100.00%,0,0,0.00%,0,0,0.00%,1,,,,,,,,,,,,,,,,100,,,,,,,,0,,0,,,,,,,,,,,,Never Blocked,,
1948,A3H3BTRV6I3LYU,https://gamma-requester.mturk.com/workers/A3H3BTRV6I3LYU,1,1,100.00%,0,0,0.00%,0,0,0.00%,1,,,,,,,,,,,,,,,,100,,,,,,,,0,,0,,,,,,,,,,,,Never Blocked,,
1949,A3H5YVLMPR7JPX,https://gamma-requester.mturk.com/workers/A3H5YVLMPR7JPX,1,1,100.00%,0,0,0.00%,0,0,0.00%,1,,,,,,,,,,,,,,,,100,,,,,,,,0,,0,,,,,,1,,,,,,Never Blocked,,
1950,A3HBMKX19GBOGR,https://gamma-requester.mturk.com/workers/A3HBMKX19GBOGR,5,5,100.00%,0,0,0.00%,0,0,0.00%,1,,,,,,,,,,,,,,,,100,,,,,,,,1,,1,,1,,1,,1,,,,,,Never Blocked,,
1951,A3HC7AQFCYT5GJ,https://gamma-requester.mturk.com/workers/A3HC7AQFCYT5GJ,1,1,100.00%,0,0,0.00%,0,0,0.00%,1,,,,,,,,,,,,,,,,100,,,,,,,,0,,0,,,,,,,,,,,,Never Blocked,,
1952,A3HCGNV93TJO7R,https://gamma-requester.mturk.com/workers/A3HCGNV93TJO7R,1,1,100.00%,0,0,0.00%,0,0,0.00%,1,,,,,,,,,,,,,,,,100,,,,,,,,0,,0,,,,,,,,,,,,Never Blocked,,
1953,A3HDCP3ADQQSUR,https://gamma-requester.mturk.com/workers/A3HDCP3ADQQSUR,3,3,100.00%,0,0,0.00%,0,0,0.00%,1,,,,,,,,,,,,,,,,100,,,,,,,,0,,0,,1,,1,,1,,,,,,Never Blocked,,
1954,A3HFB277V5OXY0,https://gamma-requester.mturk.com/workers/A3HFB277V5OXY0,2,2,100.00%,0,0,0.00%,0,0,0.00%,,,,,,,,,,,,,,,1,,1,,,,,,,,,,,,,,,,,,,,,,Never Blocked,,
1955,A3HFDEQSN5QZ67,https://gamma-requester.mturk.com/workers/A3HFDEQSN5QZ67,1,1,100.00%,0,0,0.00%,0,0,0.00%,,,,,,,,,,,,,,,1,,,,,,,,,,,,,,,,,,,,,,,,Never Blocked,,
1956,A3HFFCEJ22YZFV,https://gamma-requester.mturk.com/workers/A3HFFCEJ22YZFV,1,1,100.00%,0,0,0.00%,0,0,0.00%,1,,,,,,,,,,,,,,,,100,,,,,,,,0,,0,,,,,,,,,,,,Never Blocked,,
1957,A3HHDPKL3O3O7Y,https://gamma-requester.mturk.com/workers/A3HHDPKL3O3O7Y,1,1,100.00%,0,0,0.00%,0,0,0.00%,1,,,,,,,,,,,,,,,,100,,,,,,,,0,,0,,,,,,,,,,,,Never Blocked,,
1958,A3HIMV8G48M87T,https://gamma-requester.mturk.com/workers/A3HIMV8G48M87T,2,2,100.00%,0,0,0.00%,0,0,0.00%,,,,,,,,,,,1,,,,,,1,,,,,,,,,,,,,,,,,,,,,,Never Blocked,,
1959,A3HMDGRGC5JB7E,https://gamma-requester.mturk.com/workers/A3HMDGRGC5JB7E,1,1,100.00%,0,0,0.00%,0,0,0.00%,1,,,,,,,,,,,,,,,,100,,,,,,,,0,,0,,,,,,,,,,,,Never Blocked,,
1960,A3HMHNZHE46CZQ,https://gamma-requester.mturk.com/workers/A3HMHNZHE46CZQ,2,1,50.00%,0,0,0.00%,0,0,0.00%,1,,,,,,,,,,,,,,,,100,,,,,,,,0,,0,,,,,,,,,,1,,Never Blocked,,
1961,A3HMRQ4Y0NZKOT,https://gamma-requester.mturk.com/workers/A3HMRQ4Y0NZKOT,2,2,100.00%,0,0,0.00%,0,0,0.00%,,,,,,,1,,,,,,,,,,,,,,,,,,,,,,,,,,,,1,,,,Never Blocked,,
1962,A3HN77CD9V6BLM,https://gamma-requester.mturk.com/workers/A3HN77CD9V6BLM,2,2,100.00%,0,0,0.00%,0,0,0.00%,,,,,,,,,,,1,,,,,,1,,,,,,,,,,,,,,,,,,,,,,Never Blocked,,
1963,A3HP4BPBXGDM2F,https://gamma-requester.mturk.com/workers/A3HP4BPBXGDM2F,2,2,100.00%,0,0,0.00%,0,0,0.00%,,,,,,,,,,,1,,,,,,1,,,,,,,,,,,,,,,,,,,,,,Never Blocked,,
1964,A3HQXCWOIQKT4F,https://gamma-requester.mturk.com/workers/A3HQXCWOIQKT4F,2,2,100.00%,0,0,0.00%,0,0,0.00%,,,,,,,,,,,,,,,1,,,,,,,,1,,,,,,,,,,,,,,,,Never Blocked,,
1965,A3HSONMX6LNZR4,https://gamma-requester.mturk.com/workers/A3HSONMX6LNZR4,5,5,100.00%,0,0,0.00%,0,0,0.00%,1,,,,,,,,,,,,,,,,100,,,,,,,,0,,1,,1,,1,,1,,,,,,Never Blocked,,
1966,A3HT6YYXPBRKN3,https://gamma-requester.mturk.com/workers/A3HT6YYXPBRKN3,1,1,100.00%,0,0,0.00%,0,0,0.00%,1,,,,,,,,,,,,,,,,100,,,,,,,,0,,0,,,,,,,,,,,,Never Blocked,,
1967,A3HUJ3N1YPXDE2,https://gamma-requester.mturk.com/workers/A3HUJ3N1YPXDE2,1,1,100.00%,0,0,0.00%,0,0,0.00%,1,,,,,,,,,,,,,,,,100,,,,,,,,0,,0,,,,,,,,,,,,Never Blocked,,
1968,A3HYZY72XAWPD8,https://gamma-requester.mturk.com/workers/A3HYZY72XAWPD8,1,1,100.00%,0,0,0.00%,0,0,0.00%,1,,,,,,,,,,,,,,,,100,,,,,,,,0,,0,,,,,,,,,,1,,Never Blocked,,
1969,A3HZFB2JLF3JMY,https://gamma-requester.mturk.com/workers/A3HZFB2JLF3JMY,1,1,100.00%,0,0,0.00%,0,0,0.00%,,,,,,,,,,,,,,,,,1,,,,,,,,,,,,,,,,,,1,,,,Never Blocked,,
1970,A3HZOUKKBV7M9N,https://gamma-requester.mturk.com/workers/A3HZOUKKBV7M9N,1,1,100.00%,1,1,100.00%,0,0,0.00%,,,,,,,,,,,,,1,,,,,,,,,,,,,,,,,,,,,,,,,,Never Blocked,,
1971,A3I0ITCG0HKFFZ,https://gamma-requester.mturk.com/workers/A3I0ITCG0HKFFZ,1,1,100.00%,0,0,0.00%,0,0,0.00%,1,,,,,,,,,,,,,,,,100,,,,,,,,0,,0,,,,,,,,,,1,,Never Blocked,,
1972,A3I2EXGYSPY4KM,https://gamma-requester.mturk.com/workers/A3I2EXGYSPY4KM,1,1,100.00%,0,0,0.00%,0,0,0.00%,,,,,,,,,,,,,,,,,1,,,,,,,,,,,,,,,,,,,,,,Never Blocked,,
1973,A3I40B0FATY8VH,https://gamma-requester.mturk.com/workers/A3I40B0FATY8VH,2,2,100.00%,0,0,0.00%,0,0,0.00%,1,,,,,,,,,,,,,,,,100,,,,1,,,,0,,0,,,,,,,,,,1,,Never Blocked,,
1974,A3I55L67X0MWC4,https://gamma-requester.mturk.com/workers/A3I55L67X0MWC4,5,5,100.00%,0,0,0.00%,0,0,0.00%,1,,,,,,,,,,,,,,,,100,,,,,,,,1,,1,,1,,1,,1,,,,,,Never Blocked,,
1975,A3I6U3U8G4JL8B,https://gamma-requester.mturk.com/workers/A3I6U3U8G4JL8B,1,1,100.00%,0,0,0.00%,0,0,0.00%,,,,,,,,,,,,,,,1,,,,,,,,,,,,,,,,,,,,,,,,Never Blocked,,
1976,A3I9FTHSULHPYS,https://gamma-requester.mturk.com/workers/A3I9FTHSULHPYS,1,1,100.00%,0,0,0.00%,0,0,0.00%,1,,,,,,,,,,,,,,,,100,,,,,,,,0,,0,,,,,,,,,,,,Never Blocked,,
1977,A3IBD3H1JRO9XN,https://gamma-requester.mturk.com/workers/A3IBD3H1JRO9XN,1,0,0.00%,0,0,0.00%,0,0,0.00%,1,,,,,,,,,,,,,,,,100,,,,,,,,0,,0,,,,,,,,,,1,,Never Blocked,,
1978,A3IBYJ2LPC84O1,https://gamma-requester.mturk.com/workers/A3IBYJ2LPC84O1,1,1,100.00%,0,0,0.00%,0,0,0.00%,,,,,,,,,,,,,,,,,,,,,,,,,,,,,,,,,,,1,,,,Never Blocked,,
1979,A3IH4VMMD2IJS9,https://gamma-requester.mturk.com/workers/A3IH4VMMD2IJS9,1,1,100.00%,0,0,0.00%,0,0,0.00%,1,,,,,,,,,,,,,,,,100,,,,,,,,0,,0,,,,,,,,,,,,Never Blocked,,
1980,A3IHMZTLCT6L54,https://gamma-requester.mturk.com/workers/A3IHMZTLCT6L54,4,4,100.00%,0,0,0.00%,0,0,0.00%,1,,,,,,,,,,,,,,,,100,,,,,,,,0,,1,,1,,1,,1,,,,,,Never Blocked,,
1981,A3IMB1JAMHP1KK,https://gamma-requester.mturk.com/workers/A3IMB1JAMHP1KK,1,1,100.00%,0,0,0.00%,0,0,0.00%,1,,,,,,,,,,,,,,,,100,,,,,,,,0,,0,,,,,,,,,,1,,Never Blocked,,
1982,A3IMJP7OZSFCQ9,https://gamma-requester.mturk.com/workers/A3IMJP7OZSFCQ9,1,1,100.00%,0,0,0.00%,0,0,0.00%,1,,,,,,,,,,,,,,,,100,,,,,,,,0,,0,,,,,,,,,,,,Never Blocked,,
1983,A3IO849YPKG09B,https://gamma-requester.mturk.com/workers/A3IO849YPKG09B,3,3,100.00%,0,0,0.00%,0,0,0.00%,1,,,,,,,,,,,,,,,,100,,,,,,,,0,,0,,1,,1,,1,,,,,,Never Blocked,,
1984,A3IQP2W3UW8485,https://gamma-requester.mturk.com/workers/A3IQP2W3UW8485,1,1,100.00%,0,0,0.00%,0,0,0.00%,1,,,,,,,,,,,,,,,,100,,,,,,,,0,,0,,,,,,,,,,,,Never Blocked,,
1985,A3J1R75M3TFTTL,https://gamma-requester.mturk.com/workers/A3J1R75M3TFTTL,1,1,100.00%,0,0,0.00%,0,0,0.00%,,,,,,,,,,,,,,,,,1,,,,,,,,,,,,,,,,,,,,,,Never Blocked,,
1986,A3J2XFG2QZQJA,https://gamma-requester.mturk.com/workers/A3J2XFG2QZQJA,1,1,100.00%,1,1,100.00%,0,0,0.00%,,,,,,,,,,,,,1,,,,,,,,,,,,,,,,,,,,,,,,,,Never Blocked,,
1987,A3J4YYW1M62T39,https://gamma-requester.mturk.com/workers/A3J4YYW1M62T39,1,1,100.00%,0,0,0.00%,0,0,0.00%,,,,,,,,,,,,,,,,,100,,,,,,,,,,,,,,,,,,,,,,Never Blocked,,
1988,A3J5BB16UX87RR,https://gamma-requester.mturk.com/workers/A3J5BB16UX87RR,1,1,100.00%,1,1,100.00%,0,0,0.00%,,,,,,,,,,,,,1,,,,,,,,,,,,,,,,,,,,,,,,,,Never Blocked,,
1989,A3JAENCLOQRECC,https://gamma-requester.mturk.com/workers/A3JAENCLOQRECC,2,2,100.00%,0,0,0.00%,0,0,0.00%,1,,,,,,,,,,,,,,,,100,,,,,,,,0,,0,,,,,,,,,,,,Never Blocked,,
1990,A3JEES7AN8R5E9,https://gamma-requester.mturk.com/workers/A3JEES7AN8R5E9,1,1,100.00%,0,0,0.00%,0,0,0.00%,1,,,,,,,,,,,,,,,,100,,,,,,,,0,,0,,,,,,,,,,,,Never Blocked,,
1991,A3JF8PQN9258SZ,https://gamma-requester.mturk.com/workers/A3JF8PQN9258SZ,1,1,100.00%,0,0,0.00%,0,0,0.00%,,,,,,,,,,,,,,,,,,,,,,,,,,,,,,,,,,,,,,,Never Blocked,,
1992,A3JI91CQIA5FWO,https://gamma-requester.mturk.com/workers/A3JI91CQIA5FWO,1,1,100.00%,0,0,0.00%,0,0,0.00%,1,,,,,,,,,,,,,,,,100,,,,,,,,0,,0,,,,,,,,,,,,Never Blocked,,
1993,A3JJXDML3XNSQP,https://gamma-requester.mturk.com/workers/A3JJXDML3XNSQP,2,2,100.00%,0,0,0.00%,0,0,0.00%,,,,,,,,,1,,,,,,,,1,,,,,,,,,,,,,,,,,,,,,,Never Blocked,,
1994,A3JKI0O1NTUXXF,https://gamma-requester.mturk.com/workers/A3JKI0O1NTUXXF,1,1,100.00%,0,0,0.00%,0,0,0.00%,1,,,,,,,,,,,,,,,,100,,,,,,,,0,,0,,,,,,,,,,,,Never Blocked,,
1995,A3JMTHRS9M6NJO,https://gamma-requester.mturk.com/workers/A3JMTHRS9M6NJO,1,1,100.00%,0,0,0.00%,0,0,0.00%,,,,,,,,,,,,,,,,,1,,,,,,,,,,,,,,,,,,,,,,Never Blocked,,
1996,A3JP29CBARQPRZ,https://gamma-requester.mturk.com/workers/A3JP29CBARQPRZ,1,1,100.00%,0,0,0.00%,0,0,0.00%,1,,,,,,,,,,,,,,,,100,,,,,,,,0,,0,,,,,,,,,,1,,Never Blocked,,
1997,A3JQOR9SGS3YFS,https://gamma-requester.mturk.com/workers/A3JQOR9SGS3YFS,1,1,100.00%,0,0,0.00%,0,0,0.00%,,,,,,,,,,,,,,,,,100,,,,,,,,,,,,,,,,,,,,,,Never Blocked,,
1998,A3JRXRL5QIRPQ3,https://gamma-requester.mturk.com/workers/A3JRXRL5QIRPQ3,1,1,100.00%,0,0,0.00%,0,0,0.00%,1,,,,,,,,,,,,,,,,100,,,,,,,,0,,0,,,,,,,,,,1,,Never Blocked,,
1999,A3JXQ4WFIJSQ3D,https://gamma-requester.mturk.com/workers/A3JXQ4WFIJSQ3D,1,1,100.00%,0,0,0.00%,0,0,0.00%,1,,,,,,,,,,,,,,,,100,,,,,,,,0,,0,,,,,,,,,,,,Never Blocked,,
2000,A3K1P4SPR8XS7R,https://gamma-requester.mturk.com/workers/A3K1P4SPR8XS7R,5,5,100.00%,0,0,0.00%,0,0,0.00%,1,,,,,,,,,,,,,,,,100,,,,,,,,1,,1,,1,,1,,1,,,,,,Never Blocked,,
2001,A3K4AMJQXOFB9L,https://gamma-requester.mturk.com/workers/A3K4AMJQXOFB9L,1,1,100.00%,0,0,0.00%,0,0,0.00%,,,,,,,,,,,,,,,1,,,,,,,,,,,,,,,,,,,,,,,,Never Blocked,,
2002,A3K4JTRUZQD096,https://gamma-requester.mturk.com/workers/A3K4JTRUZQD096,5,5,100.00%,0,0,0.00%,0,0,0.00%,1,,,,,,,,,,,,,,,,100,,,,,,,,1,,1,,1,,1,,1,,,,,,Never Blocked,,
2003,A3K5YBCBVBM3RY,https://gamma-requester.mturk.com/workers/A3K5YBCBVBM3RY,5,5,100.00%,0,0,0.00%,0,0,0.00%,1,,,,,,,,,,,,,,,,100,,,,,,,,1,,1,,1,,1,,1,,,,,,Never Blocked,,
2004,A3K6QLTTQP9IQ8,https://gamma-requester.mturk.com/workers/A3K6QLTTQP9IQ8,4,4,100.00%,0,0,0.00%,0,0,0.00%,1,,,,,,,,,,,,,,,,100,,,,,,,,0,,1,,1,,1,,1,,,,,,Never Blocked,,
2005,A3K92C6NNG5J6W,https://gamma-requester.mturk.com/workers/A3K92C6NNG5J6W,1,1,100.00%,0,0,0.00%,0,0,0.00%,,,,,,,,,,,,,,,1,,,,,,,,,,,,,,,,,,,,,,,,Never Blocked,,
2006,A3KAYAX1FCN6HK,https://gamma-requester.mturk.com/workers/A3KAYAX1FCN6HK,1,1,100.00%,0,0,0.00%,0,0,0.00%,1,,,,,,,,,,,,,,,,100,,,,,,,,0,,0,,,,,,,,,,1,,Never Blocked,,
2007,A3KB0RLQ41OY5N,https://gamma-requester.mturk.com/workers/A3KB0RLQ41OY5N,2,2,100.00%,0,0,0.00%,0,0,0.00%,,,,,,,1,,,,,,,,,,1,,,,,,,,,,,,,,,,,,1,,,,Never Blocked,,
2008,A3KC385CZNYEG5,https://gamma-requester.mturk.com/workers/A3KC385CZNYEG5,1,1,100.00%,0,0,0.00%,0,0,0.00%,1,,,,,,,,,,,,,,,,100,,,,,,,,0,,0,,,,,,,,,,1,,Never Blocked,,
2009,A3KDMJ5JLAG3IN,https://gamma-requester.mturk.com/workers/A3KDMJ5JLAG3IN,3,3,100.00%,0,0,0.00%,0,0,0.00%,1,,,,,,,,,,,,,,,,100,,,,,,,,0,,0,,1,,1,,1,,,,,,Never Blocked,,
2010,A3KK5FKG3L0Q66,https://gamma-requester.mturk.com/workers/A3KK5FKG3L0Q66,1,1,100.00%,0,0,0.00%,0,0,0.00%,1,,,,,,,,,,,,,,,,100,,,,,,,,0,,0,,,,,,,,,,1,,Never Blocked,,
2011,A3KMNX2P2QP9JU,https://gamma-requester.mturk.com/workers/A3KMNX2P2QP9JU,3,3,100.00%,0,0,0.00%,0,0,0.00%,1,,,,,,,,,,,,,,,,100,,,,,,,,0,,0,,1,,1,,1,,,,,,Never Blocked,,
2012,A3KN6R8PCW31WO,https://gamma-requester.mturk.com/workers/A3KN6R8PCW31WO,4,4,100.00%,0,0,0.00%,0,0,0.00%,1,,,,,,,,,,,,,,,,100,,,,,,,,0,,1,,1,,1,,1,,,,,,Never Blocked,,
2013,A3KP8KFGG6734Q,https://gamma-requester.mturk.com/workers/A3KP8KFGG6734Q,2,2,100.00%,0,0,0.00%,0,0,0.00%,,,,,,,,,,,,,,,,,,,,,1,,,,,,,,,,,,,,1,,,,Never Blocked,,
2014,A3KPDWMMXCJART,https://gamma-requester.mturk.com/workers/A3KPDWMMXCJART,0,0,0.00%,0,0,0.00%,0,0,0.00%,,,,,,,,,,,,,,1,,,,,,,,,,,,,,,,,,,,,,,,,Never Blocked,,
2015,A3KPGKD7F1O18I,https://gamma-requester.mturk.com/workers/A3KPGKD7F1O18I,5,5,100.00%,0,0,0.00%,0,0,0.00%,1,,,,,,,,,,,,,,,,100,,,,,,,,1,,1,,1,,1,,1,,,,,,Never Blocked,,
2016,A3KPVU5XH7W1RP,https://gamma-requester.mturk.com/workers/A3KPVU5XH7W1RP,3,3,100.00%,0,0,0.00%,0,0,0.00%,1,,,,,,,,,,,,,,,,100,,,,,,,,0,,0,,,,1,,1,,,,,,Never Blocked,,
2017,A3KQ0M1AMXEKIZ,https://gamma-requester.mturk.com/workers/A3KQ0M1AMXEKIZ,1,1,100.00%,0,0,0.00%,0,0,0.00%,1,,,,,,,,,,,,,,,,100,,,,,,,,0,,0,,,,,,,,,,,,Never Blocked,,
2018,A3KQKGFOPJ4IH8,https://gamma-requester.mturk.com/workers/A3KQKGFOPJ4IH8,1,1,100.00%,0,0,0.00%,0,0,0.00%,1,,,,,,,,,,,,,,,,100,,,,,,,,0,,0,,,,,,,,,,,,Never Blocked,,
2019,A3KVIZLKSASAES,https://gamma-requester.mturk.com/workers/A3KVIZLKSASAES,1,1,100.00%,0,0,0.00%,0,0,0.00%,,,,,,,,,,,,,,,,,1,,,,,,,,,,,,,,,,,,,,,,Never Blocked,,
2020,A3KXM8LSH21DYR,https://gamma-requester.mturk.com/workers/A3KXM8LSH21DYR,1,1,100.00%,0,0,0.00%,0,0,0.00%,,,,,,,,,,,,,,,,,100,,,,,,,,,,,,,,,,,,,,,,Never Blocked,,
2021,A3KXQT51DR0ZS4,https://gamma-requester.mturk.com/workers/A3KXQT51DR0ZS4,1,1,100.00%,1,1,100.00%,0,0,0.00%,,,,,,,,,,,,,1,,,,,,,,,,,,,,,,,,,,,,,,,,Never Blocked,,
2022,A3L2PTNBOC5R5E,https://gamma-requester.mturk.com/workers/A3L2PTNBOC5R5E,5,5,100.00%,0,0,0.00%,0,0,0.00%,1,,,,,,,,,,,,,,,,100,,,,,,,,1,,1,,1,,1,,1,,,,,,Never Blocked,,
2023,A3L4JI1S352HB8,https://gamma-requester.mturk.com/workers/A3L4JI1S352HB8,1,1,100.00%,0,0,0.00%,0,0,0.00%,1,,,,,,,,,,,,,,,,100,,,,,,,,0,,0,,,,,,,,,,1,,Never Blocked,,
2024,A3L8LSM7V7KX3T,https://gamma-requester.mturk.com/workers/A3L8LSM7V7KX3T,1,1,100.00%,0,0,0.00%,0,0,0.00%,1,,,,,,,,,,,,,,,,100,,,,,,,,0,,0,,,,,,,,,,1,,Never Blocked,,
2025,A3L95FSCN74FIF,https://gamma-requester.mturk.com/workers/A3L95FSCN74FIF,2,2,100.00%,0,0,0.00%,0,0,0.00%,,,,,,,,,1,,,,,,,,1,,,,,,,,,,,,,,,,,,,,,,Never Blocked,,
2026,A3L9EN8YL1HZWF,https://gamma-requester.mturk.com/workers/A3L9EN8YL1HZWF,1,1,100.00%,0,0,0.00%,0,0,0.00%,,,,,,,,,,,,,,,,,100,,,,,,,,,,,,,,,,,,,,,,Never Blocked,,
2027,A3L9K9DZI8LFM4,https://gamma-requester.mturk.com/workers/A3L9K9DZI8LFM4,1,1,100.00%,0,0,0.00%,0,0,0.00%,1,,,,,,,,,,,,,,,,100,,,,,,,,0,,0,,,,,,,,,,1,,Never Blocked,,
2028,A3LBMZYPY37NRW,https://gamma-requester.mturk.com/workers/A3LBMZYPY37NRW,2,2,100.00%,0,0,0.00%,0,0,0.00%,,,,,,,,,,,,,,,1,,,,,,,,1,,,,,,,,,,,,,,,,Never Blocked,,
2029,A3LC6M2EMDBBXP,https://gamma-requester.mturk.com/workers/A3LC6M2EMDBBXP,1,1,100.00%,0,0,0.00%,0,0,0.00%,1,,,,,,,,,,,,,,,,100,,,,,,,,0,,0,,,,,,1,,,,,,Never Blocked,,
2030,A3LFVI65XV1T46,https://gamma-requester.mturk.com/workers/A3LFVI65XV1T46,1,1,100.00%,0,0,0.00%,0,0,0.00%,1,,,,,,,,,,,,,,,,100,,,,,,,,0,,0,,,,,,1,,,,,,Never Blocked,,
2031,A3LID2NIICZN7A,https://gamma-requester.mturk.com/workers/A3LID2NIICZN7A,1,1,100.00%,0,0,0.00%,0,0,0.00%,1,,,,,,,,,,,,,,,,100,,,,,,,,0,,0,,,,,,,,,,1,,Never Blocked,,
2032,A3LT5ZA52JHPJW,https://gamma-requester.mturk.com/workers/A3LT5ZA52JHPJW,1,1,100.00%,0,0,0.00%,0,0,0.00%,1,,,,,,,,,,,,,,,,100,,,,,,,,0,,0,,,,,,1,,,,,,Never Blocked,,
2033,A3LXTU8PD94IDW,https://gamma-requester.mturk.com/workers/A3LXTU8PD94IDW,1,1,100.00%,0,0,0.00%,0,0,0.00%,1,,,,,,,,,,,,,,,,100,,,,,,,,0,,0,,,,,,,,,,,,Never Blocked,,
2034,A3M9ZOPLZIQ2A,https://gamma-requester.mturk.com/workers/A3M9ZOPLZIQ2A,1,1,100.00%,0,0,0.00%,0,0,0.00%,1,,,,,,,,,,,,,,,,100,,,,,,,,0,,0,,,,,,,,,,1,,Never Blocked,,
2035,A3MBRQO3XAVTIV,https://gamma-requester.mturk.com/workers/A3MBRQO3XAVTIV,1,1,100.00%,0,0,0.00%,0,0,0.00%,1,,,,,,,,,,,,,,,,100,,,,,,,,0,,0,,,,,,,,,,1,,Never Blocked,,
2036,A3MC0GSXYQ2P7A,https://gamma-requester.mturk.com/workers/A3MC0GSXYQ2P7A,1,1,100.00%,0,0,0.00%,0,0,0.00%,,,,,,,,,,,,,,,,,100,,,,,,,,,,,,,,,,,,,,,,Never Blocked,,
2037,A3MCEK6LCM70H0,https://gamma-requester.mturk.com/workers/A3MCEK6LCM70H0,1,1,100.00%,0,0,0.00%,0,0,0.00%,1,,,,,,,,,,,,,,,,100,,,,,,,,0,,0,,,,,,,,,,,,Never Blocked,,
2038,A3MDT9B5CRRQ0G,https://gamma-requester.mturk.com/workers/A3MDT9B5CRRQ0G,1,1,100.00%,0,0,0.00%,0,0,0.00%,1,,,,,,,,,,,,,,,,100,,,,,,,,0,,0,,,,,,,,,,1,,Never Blocked,,
2039,A3MELYYGRJ61SX,https://gamma-requester.mturk.com/workers/A3MELYYGRJ61SX,4,4,100.00%,0,0,0.00%,0,0,0.00%,1,,,,,,,,,,,,,,,,100,,,,,,,,0,,0,,1,,1,,1,,,,,,Never Blocked,,
2040,A3MG9U0TT7WGYR,https://gamma-requester.mturk.com/workers/A3MG9U0TT7WGYR,1,1,100.00%,0,0,0.00%,0,0,0.00%,1,,,,,,,,,,,,,,,,100,,,,,,,,0,,0,,,,,,,,,,,,Never Blocked,,
2041,A3MHQ9QRKLWMA8,https://gamma-requester.mturk.com/workers/A3MHQ9QRKLWMA8,5,5,100.00%,0,0,0.00%,0,0,0.00%,1,,,,,,,,,,,,,,,,100,,,,,,,,1,,1,,1,,1,,1,,,,,,Never Blocked,,
2042,A3MIDLO5S7FU06,https://gamma-requester.mturk.com/workers/A3MIDLO5S7FU06,2,2,100.00%,0,0,0.00%,0,0,0.00%,,,,,,,,,1,,,,,,,,1,,,,,,,,,,,,,,,,,,,,,,Never Blocked,,
2043,A3MKP7902FNY9V,https://gamma-requester.mturk.com/workers/A3MKP7902FNY9V,1,1,100.00%,0,0,0.00%,0,0,0.00%,1,,,,,,,,,,,,,,,,100,,,,,,,,0,,0,,,,,,,,,,1,,Never Blocked,,
2044,A3MTHVR1EJ8LMM,https://gamma-requester.mturk.com/workers/A3MTHVR1EJ8LMM,1,1,100.00%,1,1,100.00%,0,0,0.00%,,,,,,,,,,,,,1,,,,,,,,,,,,,,,,,,,,,,,,,,Never Blocked,,
2045,A3MUG02LJ4BM9F,https://gamma-requester.mturk.com/workers/A3MUG02LJ4BM9F,1,1,100.00%,0,0,0.00%,0,0,0.00%,1,,,,,,,,,,,,,,,,100,,,,,,,,0,,0,,,,,,,,,,1,,Never Blocked,,
2046,A3MUNJS8E0EEEM,https://gamma-requester.mturk.com/workers/A3MUNJS8E0EEEM,1,1,100.00%,0,0,0.00%,0,0,0.00%,1,,,,,,,,,,,,,,,,100,,,,,,,,0,,0,,,,,,,,,,,,Never Blocked,,
2047,A3MXI2O3JZ0TZH,https://gamma-requester.mturk.com/workers/A3MXI2O3JZ0TZH,4,4,100.00%,0,0,0.00%,0,0,0.00%,,,,,,,1,,,,1,,,,,,1,,,,,,,,,,,,,,,,,,1,,,,Never Blocked,,
2048,A3MZ6MC5A4LZTU,https://gamma-requester.mturk.com/workers/A3MZ6MC5A4LZTU,0,0,0.00%,0,0,0.00%,0,0,0.00%,,,,,,,,,,,,,,1,,,,,,,,,,,,,,,,,,,,,,,,,Never Blocked,,
2049,A3MZRP5FCMG47H,https://gamma-requester.mturk.com/workers/A3MZRP5FCMG47H,1,1,100.00%,0,0,0.00%,0,0,0.00%,1,,,,,,,,,,,,,,,,100,,,,,,,,0,,0,,,,,,,,,,,,Never Blocked,,
2050,A3N0QZ9ZKUCTCQ,https://gamma-requester.mturk.com/workers/A3N0QZ9ZKUCTCQ,1,1,100.00%,0,0,0.00%,0,0,0.00%,,,,,,,,,,,,,,,,,1,,,,,,,,,,,,,,,,,,,,,,Never Blocked,,
2051,A3N17LYEE7484L,https://gamma-requester.mturk.com/workers/A3N17LYEE7484L,1,1,100.00%,0,0,0.00%,0,0,0.00%,1,,,,,,,,,,,,,,,,100,,,,,,,,0,,0,,,,,,,,,,1,,Never Blocked,,
2052,A3N3F3JSOX6R8N,https://gamma-requester.mturk.com/workers/A3N3F3JSOX6R8N,1,1,100.00%,0,0,0.00%,0,0,0.00%,,,,,,,,,,,,,,,,,,,,,,,,,,,,,,,,,,,,,,,Never Blocked,,
2053,A3N5E6HZDBRFNC,https://gamma-requester.mturk.com/workers/A3N5E6HZDBRFNC,1,1,100.00%,0,0,0.00%,0,0,0.00%,,,,,,,,,,,,,,,,,100,,,,,,,,,,,,,,,,,,,,,,Never Blocked,,
2054,A3N692NN9S43L9,https://gamma-requester.mturk.com/workers/A3N692NN9S43L9,2,2,100.00%,0,0,0.00%,0,0,0.00%,,,,,,,,,,,,,,,,,1,,,,,,,,,,,,,,,,,,,,,,Never Blocked,,
2055,A3N6CXHJPS9K4X,https://gamma-requester.mturk.com/workers/A3N6CXHJPS9K4X,1,1,100.00%,0,0,0.00%,0,0,0.00%,1,,,,,,,,,,,,,,,,100,,,,,,,,0,,0,,,,,,,,,,1,,Never Blocked,,
2056,A3NAWKOUNA608Z,https://gamma-requester.mturk.com/workers/A3NAWKOUNA608Z,1,1,100.00%,0,0,0.00%,0,0,0.00%,,,,,,,,,,,,,,,,,1,,,,,,,,,,,,,,,,,,,,,,Never Blocked,,
2057,A3ND3X4YB6T7F8,https://gamma-requester.mturk.com/workers/A3ND3X4YB6T7F8,3,3,100.00%,0,0,0.00%,0,0,0.00%,1,,,,,,,,,,,,,,,,100,,,,,,,,0,,0,,1,,1,,1,,,,,,Never Blocked,,
2058,A3NDQ0QVSVA5H8,https://gamma-requester.mturk.com/workers/A3NDQ0QVSVA5H8,1,1,100.00%,0,0,0.00%,0,0,0.00%,,,,,,,,,,,,,,,,,,,,,,,,,,,,,,,,,,,,,,,Never Blocked,,
2059,A3NLLSXAL86VIR,https://gamma-requester.mturk.com/workers/A3NLLSXAL86VIR,1,1,100.00%,0,0,0.00%,0,0,0.00%,1,,,,,,,,,,,,,,,,100,,,,,,,,0,,0,,,,,,,,,,1,,Never Blocked,,
2060,A3NO9QBNA3WX3G,https://gamma-requester.mturk.com/workers/A3NO9QBNA3WX3G,1,1,100.00%,0,0,0.00%,0,0,0.00%,1,,,,,,,,,,,,,,,,100,,,,,,,,0,,0,,,,,,1,,,,,,Never Blocked,,
2061,A3NQWRK8KWTILX,https://gamma-requester.mturk.com/workers/A3NQWRK8KWTILX,1,1,100.00%,0,0,0.00%,0,0,0.00%,,,,,,,1,,,,,,,,,,,,,,,,,,,,,,,,,,,,,,,,Never Blocked,,
2062,A3NTS7ZJLLGVE4,https://gamma-requester.mturk.com/workers/A3NTS7ZJLLGVE4,1,1,100.00%,0,0,0.00%,0,0,0.00%,1,,,,,,,,,,,,,,,,100,,,,,,,,0,,0,,,,,,,,,,,,Never Blocked,,
2063,A3NUIEPMZSHEZ4,https://gamma-requester.mturk.com/workers/A3NUIEPMZSHEZ4,1,1,100.00%,0,0,0.00%,0,0,0.00%,1,,,,,,,,,,,,,,,,100,,,,,,,,0,,0,,,,,,1,,,,,,Never Blocked,,
2064,A3NVUHG65ES2Y,https://gamma-requester.mturk.com/workers/A3NVUHG65ES2Y,1,1,100.00%,0,0,0.00%,0,0,0.00%,1,,,,,,,,,,,,,,,,100,,,,,,,,0,,0,,,,,,,,,,,,Never Blocked,,
2065,A3NWS3V964RAYU,https://gamma-requester.mturk.com/workers/A3NWS3V964RAYU,1,1,100.00%,0,0,0.00%,0,0,0.00%,,,,,,,,,,,,,,,,,,,,,,,,,,,,,,,,,,,,,,,Never Blocked,,
2066,A3NXUVWHYHDHHZ,https://gamma-requester.mturk.com/workers/A3NXUVWHYHDHHZ,1,1,100.00%,1,1,100.00%,0,0,0.00%,,,,,,,,,,,,,1,,,,,,,,,,,,,,,,,,,,,,,,,,Never Blocked,,
2067,A3NZL0NC8SWUI2,https://gamma-requester.mturk.com/workers/A3NZL0NC8SWUI2,1,1,100.00%,0,0,0.00%,0,0,0.00%,,,,,,,,,,,,,,,,,,,,,,,,,,,,,,,,,,,1,,,,Never Blocked,,
2068,A3O0BM2E989APX,https://gamma-requester.mturk.com/workers/A3O0BM2E989APX,1,1,100.00%,0,0,0.00%,0,0,0.00%,1,,,,,,,,,,,,,,,,100,,,,,,,,0,,0,,,,,,,,,,,,Never Blocked,,
2069,A3O34JTFKC34ZZ,https://gamma-requester.mturk.com/workers/A3O34JTFKC34ZZ,4,4,100.00%,0,0,0.00%,0,0,0.00%,1,,,,,,,,,,,,,,,,100,,,,,,,,0,,0,,1,,1,,1,,,,,,Never Blocked,,
2070,A3O4WYGKH31OX,https://gamma-requester.mturk.com/workers/A3O4WYGKH31OX,1,1,100.00%,0,0,0.00%,0,0,0.00%,1,,,,,,,,,,,,,,,,100,,,,,,,,0,,0,,,,,,1,,,,,,Never Blocked,,
2071,A3O71SJZVO8F8X,https://gamma-requester.mturk.com/workers/A3O71SJZVO8F8X,1,1,100.00%,0,0,0.00%,0,0,0.00%,1,,,,,,,,,,,,,,,,100,,,,,,,,0,,0,,,,,,1,,,,,,Never Blocked,,
2072,A3O9OTN4KQ6MT,https://gamma-requester.mturk.com/workers/A3O9OTN4KQ6MT,1,1,100.00%,0,0,0.00%,0,0,0.00%,1,,,,,,,,,,,,,,,,100,,,,,,,,0,,0,,,,,,,,,,,,Never Blocked,,
2073,A3OB6REG5CGHK1,https://gamma-requester.mturk.com/workers/A3OB6REG5CGHK1,2,2,100.00%,0,0,0.00%,0,0,0.00%,1,,,,,,,,,,,,,,,,100,,,,,,,,0,,0,,,,,,,,,,,,Never Blocked,,
2074,A3OCKM1XZ2SSEK,https://gamma-requester.mturk.com/workers/A3OCKM1XZ2SSEK,1,1,100.00%,0,0,0.00%,0,0,0.00%,1,,,,,,,,,,,,,,,,100,,,,,,,,0,,0,,,,,,,,,,,,Never Blocked,,
2075,A3OE6N66UH4U1B,https://gamma-requester.mturk.com/workers/A3OE6N66UH4U1B,1,1,100.00%,0,0,0.00%,0,0,0.00%,1,,,,,,,,,,,,,,,,100,,,,,,,,0,,0,,,,,,,,,,1,,Never Blocked,,
2076,A3OHYXTHW11HS7,https://gamma-requester.mturk.com/workers/A3OHYXTHW11HS7,1,1,100.00%,0,0,0.00%,0,0,0.00%,1,,,,,,,,,,,,,,,,100,,,,,,,,0,,0,,,,,,,,,,1,,Never Blocked,,
2077,A3OKWRLKLYVH4F,https://gamma-requester.mturk.com/workers/A3OKWRLKLYVH4F,3,3,100.00%,0,0,0.00%,0,0,0.00%,1,,,,,,,,,,,,,,,,100,,,,,,,,0,,0,,1,,1,,1,,,,,,Never Blocked,,
2078,A3OLY20VMA8SPJ,https://gamma-requester.mturk.com/workers/A3OLY20VMA8SPJ,1,1,100.00%,1,1,100.00%,0,0,0.00%,,,,,,,,,,,,,1,,,,,,,,,,,,,,,,,,,,,,,,,,Never Blocked,,
2079,A3OMQSEL26UJHM,https://gamma-requester.mturk.com/workers/A3OMQSEL26UJHM,1,1,100.00%,0,0,0.00%,0,0,0.00%,1,,,,,,,,,,,,,,,,100,,,,,,,,0,,0,,,,,,,,,,,,Never Blocked,,
2080,A3ON9PRY7U5L5,https://gamma-requester.mturk.com/workers/A3ON9PRY7U5L5,1,1,100.00%,0,0,0.00%,0,0,0.00%,1,,,,,,,,,,,,,,,,100,,,,,,,,0,,0,,,,,,,,,,1,,Never Blocked,,
2081,A3OTMQBHLX8TCD,https://gamma-requester.mturk.com/workers/A3OTMQBHLX8TCD,1,1,100.00%,0,0,0.00%,0,0,0.00%,,,,,,,,,,,,,,,,,1,,,,,,,,,,,,,,,,,,,,,,Never Blocked,,
2082,A3OUAR84WQO03Y,https://gamma-requester.mturk.com/workers/A3OUAR84WQO03Y,2,2,100.00%,0,0,0.00%,0,0,0.00%,,,,,,,,,,,,,,,,,,,,,1,,,,,,,,,,,,,,,,,,Never Blocked,,
2083,A3OUNEJO97MM8E,https://gamma-requester.mturk.com/workers/A3OUNEJO97MM8E,1,1,100.00%,0,0,0.00%,0,0,0.00%,1,,,,,,,,,,,,,,,,100,,,,,,,,0,,0,,,,,,,,,,,,Never Blocked,,
2084,A3OV174HQJIJK8,https://gamma-requester.mturk.com/workers/A3OV174HQJIJK8,1,1,100.00%,0,0,0.00%,0,0,0.00%,1,,,,,,,,,,,,,,,,100,,,,,,,,0,,0,,,,,,,,,,,,Never Blocked,,
2085,A3OVS29S2TYBQR,https://gamma-requester.mturk.com/workers/A3OVS29S2TYBQR,1,1,100.00%,0,0,0.00%,0,0,0.00%,1,,,,,,,,,,,,,,,,100,,,,,,,,0,,0,,,,,,,,,,,,Never Blocked,,
2086,A3OZPR0C0LSSZ0,https://gamma-requester.mturk.com/workers/A3OZPR0C0LSSZ0,1,1,100.00%,0,0,0.00%,0,0,0.00%,,,,,,,,,,,,,,,,,1,,,,,,,,,,,,,,,,,,,,,,Never Blocked,,
2087,A3P3446JDIIKQY,https://gamma-requester.mturk.com/workers/A3P3446JDIIKQY,3,3,100.00%,0,0,0.00%,0,0,0.00%,1,,,,,,,,,,,,,,,,100,,,,,,,,0,,0,,1,,1,,1,,,,,,Never Blocked,,
2088,A3P41RSRH1F3PA,https://gamma-requester.mturk.com/workers/A3P41RSRH1F3PA,1,1,100.00%,0,0,0.00%,0,0,0.00%,,,,,,,,,,,,,,,,,1,,,,,,,,,,,,,,,,,,,,,,Never Blocked,,
2089,A3P5P5LGJGB6HD,https://gamma-requester.mturk.com/workers/A3P5P5LGJGB6HD,1,1,100.00%,0,0,0.00%,0,0,0.00%,1,,,,,,,,,,,,,,,,100,,,,,,,,0,,0,,,,,,,,,,,,Never Blocked,,
2090,A3P6CVPYACUX43,https://gamma-requester.mturk.com/workers/A3P6CVPYACUX43,1,1,100.00%,0,0,0.00%,0,0,0.00%,1,,,,,,,,,,,,,,,,100,,,,,,,,0,,0,,,,,,,,,,1,,Never Blocked,,
2091,A3P7AXWF57BHNX,https://gamma-requester.mturk.com/workers/A3P7AXWF57BHNX,1,1,100.00%,0,0,0.00%,0,0,0.00%,1,,,,,,,,,,,,,,,,100,,,,,,,,0,,0,,,,,,,,,,1,,Never Blocked,,
2092,A3P7XSX4AH6VRP,https://gamma-requester.mturk.com/workers/A3P7XSX4AH6VRP,2,2,100.00%,0,0,0.00%,0,0,0.00%,1,,,,,,,,,,,,,,,,100,,,,,,,,0,,0,,,,1,,1,,,,,,Never Blocked,,
2093,A3PDGYYLZ5WQ96,https://gamma-requester.mturk.com/workers/A3PDGYYLZ5WQ96,1,1,100.00%,0,0,0.00%,0,0,0.00%,,,,,,,,,,,,,,,,,,,,,1,,,,,,,,,,,,,,,,,,Never Blocked,,
2094,A3PDR75KYPYK4Z,https://gamma-requester.mturk.com/workers/A3PDR75KYPYK4Z,1,1,100.00%,0,0,0.00%,0,0,0.00%,1,,,,,,,,,,,,,,,,100,,,,,,,,0,,0,,,,,,1,,,,,,Never Blocked,,
2095,A3PFB892WE3BV5,https://gamma-requester.mturk.com/workers/A3PFB892WE3BV5,5,5,100.00%,0,0,0.00%,0,0,0.00%,1,,,,,,,,,,,,,,,,100,,,,,,,,1,,1,,1,,1,,1,,,,,,Never Blocked,,
2096,A3PHE12Q7B4RXK,https://gamma-requester.mturk.com/workers/A3PHE12Q7B4RXK,3,3,100.00%,0,0,0.00%,0,0,0.00%,1,,,,,,,,,,,,,,,,100,,,,,,,,0,,0,,1,,1,,1,,,,,,Never Blocked,,
2097,A3PIJBZIF34XR2,https://gamma-requester.mturk.com/workers/A3PIJBZIF34XR2,2,2,100.00%,0,0,0.00%,0,0,0.00%,,,,,,,,,,,,,,,1,,,,,,,,1,,,,,,,,,,,,,,,,Never Blocked,,
2098,A3PIJN4LHKKNPH,https://gamma-requester.mturk.com/workers/A3PIJN4LHKKNPH,1,1,100.00%,0,0,0.00%,0,0,0.00%,1,,,,,,,,,,,,,,,,100,,,,,,,,0,,0,,,,,,,,,,1,,Never Blocked,,
2099,A3PN9G7KCLXGZX,https://gamma-requester.mturk.com/workers/A3PN9G7KCLXGZX,1,1,100.00%,0,0,0.00%,0,0,0.00%,1,,,,,,,,,,,,,,,,100,,,,,,,,0,,0,,,,,,,,,,,,Never Blocked,,
2100,A3POD149IG0DIW,https://gamma-requester.mturk.com/workers/A3POD149IG0DIW,1,1,100.00%,0,0,0.00%,0,0,0.00%,1,,,,,,,,,,,,,,,,100,,,,,,,,0,,0,,,,,,,,,,,,Never Blocked,,
2101,A3POFWBGB60AD9,https://gamma-requester.mturk.com/workers/A3POFWBGB60AD9,1,1,100.00%,0,0,0.00%,0,0,0.00%,1,,,,,,,,,,,,,,,,100,,,,,,,,0,,0,,,,,,,,,,1,,Never Blocked,,
2102,A3POFYGIXGWD3I,https://gamma-requester.mturk.com/workers/A3POFYGIXGWD3I,0,0,0.00%,0,0,0.00%,0,0,0.00%,,,,,,,,,,,,,,1,,,,,,,,,,,,,,,,,,,,,,,,,Never Blocked,,
2103,A3POUEYN59J30P,https://gamma-requester.mturk.com/workers/A3POUEYN59J30P,1,1,100.00%,0,0,0.00%,0,0,0.00%,,,,,,,,,,,,,,,,,100,,,,,,,,,,,,,,,,,,,,,,Never Blocked,,
2104,A3PPTD0WWNOXYK,https://gamma-requester.mturk.com/workers/A3PPTD0WWNOXYK,1,1,100.00%,0,0,0.00%,0,0,0.00%,1,,,,,,,,,,,,,,,,100,,,,,,,,0,,0,,,,,,,,,,1,,Never Blocked,,
2105,A3PQVDFT21IISU,https://gamma-requester.mturk.com/workers/A3PQVDFT21IISU,1,1,100.00%,0,0,0.00%,0,0,0.00%,1,,,,,,,,,,,,,,,,100,,,,,,,,0,,0,,,,,,,,,,,,Never Blocked,,
2106,A3PSV85ZUXP9VF,https://gamma-requester.mturk.com/workers/A3PSV85ZUXP9VF,2,2,100.00%,0,0,0.00%,0,0,0.00%,1,,,,,,,,,,,,,,,,100,,,,,,,,0,,0,,,,1,,1,,,,,,Never Blocked,,
2107,A3PTZLBN6U5KKL,https://gamma-requester.mturk.com/workers/A3PTZLBN6U5KKL,1,1,100.00%,0,0,0.00%,0,0,0.00%,1,,,,,,,,,,,,,,,,100,,,,,,,,0,,0,,,,,,,,,,,,Never Blocked,,
2108,A3PWHCBLUBWMRS,https://gamma-requester.mturk.com/workers/A3PWHCBLUBWMRS,1,1,100.00%,0,0,0.00%,0,0,0.00%,1,,,,,,,,,,,,,,,,100,,,,,,,,0,,0,,,,,,,,,,,,Never Blocked,,
2109,A3PYD7EU2WFST6,https://gamma-requester.mturk.com/workers/A3PYD7EU2WFST6,1,1,100.00%,0,0,0.00%,0,0,0.00%,1,,,,,,,,,,,,,,,,100,,,,,,,,0,,0,,,,,,,,,,1,,Never Blocked,,
2110,A3Q09WWDCPKHOQ,https://gamma-requester.mturk.com/workers/A3Q09WWDCPKHOQ,1,1,100.00%,0,0,0.00%,0,0,0.00%,1,,,,,,,,,,,,,,,,100,,,,,,,,0,,0,,,,,,,,,,1,,Never Blocked,,
2111,A3Q347Y0L7VNXZ,https://gamma-requester.mturk.com/workers/A3Q347Y0L7VNXZ,1,1,100.00%,0,0,0.00%,0,0,0.00%,,,,,,,,,,,,,,,1,,,,,,,,,,,,,,,,,,,,,,,,Never Blocked,,
2112,A3Q4PHN6ZZLMI8,https://gamma-requester.mturk.com/workers/A3Q4PHN6ZZLMI8,1,1,100.00%,1,1,100.00%,0,0,0.00%,,,,,,,,,,,,,1,,,,,,,,,,,,,,,,,,,,,,,,,,Never Blocked,,
2113,A3Q5PW77KNIHFZ,https://gamma-requester.mturk.com/workers/A3Q5PW77KNIHFZ,1,1,100.00%,0,0,0.00%,0,0,0.00%,1,,,,,,,,,,,,,,,,100,,,,,,,,0,,0,,,,,,,,,,1,,Never Blocked,,
2114,A3Q5T23E2L9L0I,https://gamma-requester.mturk.com/workers/A3Q5T23E2L9L0I,1,1,100.00%,0,0,0.00%,0,0,0.00%,1,,,,,,,,,,,,,,,,100,,,,,,,,0,,0,,,,,,,,,,1,,Never Blocked,,
2115,A3Q9X8CBPHFRTZ,https://gamma-requester.mturk.com/workers/A3Q9X8CBPHFRTZ,1,1,100.00%,0,0,0.00%,0,0,0.00%,,,,,,,,,,,,,,,,,100,,,,,,,,,,,,,,,,,,,,,,Never Blocked,,
2116,A3QEVFM3UD67BA,https://gamma-requester.mturk.com/workers/A3QEVFM3UD67BA,3,3,100.00%,0,0,0.00%,0,0,0.00%,1,,,,,,,,,,,,,,,,100,,,,,,,,0,,0,,1,,1,,1,,,,,,Never Blocked,,
2117,A3QG7EQGHGDO5W,https://gamma-requester.mturk.com/workers/A3QG7EQGHGDO5W,1,1,100.00%,0,0,0.00%,0,0,0.00%,,,,,,,,,,,,,,,,,,,,,1,,,,,,,,,,,,,,,,,,Never Blocked,,
2118,A3QHZCELFJ3BSN,https://gamma-requester.mturk.com/workers/A3QHZCELFJ3BSN,2,2,100.00%,0,0,0.00%,0,0,0.00%,,,,,,,,,,,,,,,,,,,,,1,,,,,,,,,,,,,,,,,,Never Blocked,,
2119,A3QIWEQXAGMGD,https://gamma-requester.mturk.com/workers/A3QIWEQXAGMGD,0,0,0.00%,0,0,0.00%,0,0,0.00%,,,,,,,,,,,,,,1,,,,,,,,,,,,,,,,,,,,,,,,,Never Blocked,,
2120,A3QJ0LIK6SS3PG,https://gamma-requester.mturk.com/workers/A3QJ0LIK6SS3PG,1,1,100.00%,0,0,0.00%,0,0,0.00%,,,,,,,,,,,,,,,,,,,,,,,,,,,,,,,,,,,,,,,Never Blocked,,
2121,A3QJJR5Y3XE92N,https://gamma-requester.mturk.com/workers/A3QJJR5Y3XE92N,1,1,100.00%,0,0,0.00%,0,0,0.00%,1,,,,,,,,,,,,,,,,100,,,,,,,,0,,0,,,,,,,,,,1,,Never Blocked,,
2122,A3QJX8VGVADUEX,https://gamma-requester.mturk.com/workers/A3QJX8VGVADUEX,5,5,100.00%,0,0,0.00%,0,0,0.00%,1,,,,,,,,,,,,,,,,100,,,,,,,,1,,1,,1,,1,,1,,,,,,Never Blocked,,
2123,A3QO3HIV92H659,https://gamma-requester.mturk.com/workers/A3QO3HIV92H659,2,2,100.00%,0,0,0.00%,0,0,0.00%,,,,,,,1,,,,,,,,,,,,,,,,,,,,,,,,,,,,,,,,Never Blocked,,
2124,A3QO50NVN4KMJV,https://gamma-requester.mturk.com/workers/A3QO50NVN4KMJV,1,1,100.00%,0,0,0.00%,0,0,0.00%,1,,,,,,,,,,,,,,,,100,,,,,,,,0,,0,,,,,,,,,,,,Never Blocked,,
2125,A3QOMMIZTW0XF1,https://gamma-requester.mturk.com/workers/A3QOMMIZTW0XF1,1,1,100.00%,0,0,0.00%,0,0,0.00%,1,,,,,,,,,,,,,,,,100,,,,,,,,0,,0,,,,,,,,,,,,Never Blocked,,
2126,A3QPHYMDXHB782,https://gamma-requester.mturk.com/workers/A3QPHYMDXHB782,1,1,100.00%,0,0,0.00%,0,0,0.00%,1,,,,,,,,,,,,,,,,100,,,,,,,,0,,0,,,,,,,,,,1,,Never Blocked,,
2127,A3QPVH0DRW0ZQV,https://gamma-requester.mturk.com/workers/A3QPVH0DRW0ZQV,2,2,100.00%,0,0,0.00%,0,0,0.00%,,,,,,,,,,,,,,,,,,,,,1,,,,,,,,,,,,,,,,,,Never Blocked,,
2128,A3QRZPJT2CT2IK,https://gamma-requester.mturk.com/workers/A3QRZPJT2CT2IK,1,1,100.00%,0,0,0.00%,0,0,0.00%,1,,,,,,,,,,,,,,,,100,,,,,,,,0,,0,,,,,,,,,,,,Never Blocked,,
2129,A3QYA7EFCS7BA2,https://gamma-requester.mturk.com/workers/A3QYA7EFCS7BA2,1,1,100.00%,0,0,0.00%,0,0,0.00%,,,,,,,,,,,,,,,,,,,,,,,,,,,,,,,,,,,,,,,Never Blocked,,
2130,A3QYT1UWB5FUM,https://gamma-requester.mturk.com/workers/A3QYT1UWB5FUM,1,1,100.00%,0,0,0.00%,0,0,0.00%,,,,,,,,,,,,,,,,,1,,,,,,,,,,,,,,,,,,,,,,Never Blocked,,
2131,A3QZPIABOH7AFM,https://gamma-requester.mturk.com/workers/A3QZPIABOH7AFM,1,1,100.00%,0,0,0.00%,0,0,0.00%,,,,,,,,,,,,,,,,,100,,,,,,,,,,,,,,,,,,,,,,Never Blocked,,
2132,A3R0S4QK7VY0QA,https://gamma-requester.mturk.com/workers/A3R0S4QK7VY0QA,2,1,50.00%,0,0,0.00%,0,0,0.00%,,,,,,,,,,,1,,,,,,1,,,,,,,,,,,,,,,,,,,,,,Never Blocked,,
2133,A3R1KU3JFULBEX,https://gamma-requester.mturk.com/workers/A3R1KU3JFULBEX,1,1,100.00%,0,0,0.00%,0,0,0.00%,1,,,,,,,,,,,,,,,,100,,,,,,,,0,,0,,,,,,,,,,,,Never Blocked,,
2134,A3R2EH58I8Q4YI,https://gamma-requester.mturk.com/workers/A3R2EH58I8Q4YI,1,1,100.00%,0,0,0.00%,0,0,0.00%,,,,,,,,,,,,,,,,,100,,,,,,,,,,,,,,,,,,,,,,Never Blocked,,
2135,A3R55C67WKDZKO,https://gamma-requester.mturk.com/workers/A3R55C67WKDZKO,1,1,100.00%,0,0,0.00%,0,0,0.00%,1,,,,,,,,,,,,,,,,100,,,,,,,,0,,0,,,,,,1,,,,,,Never Blocked,,
2136,A3R8SCC5Q0OE7W,https://gamma-requester.mturk.com/workers/A3R8SCC5Q0OE7W,2,2,100.00%,0,0,0.00%,0,0,0.00%,,,,,,,,,,,1,,,,,,1,,,,,,,,,,,,,,,,,,,,,,Never Blocked,,
2137,A3RBBU5NGKF7WR,https://gamma-requester.mturk.com/workers/A3RBBU5NGKF7WR,1,1,100.00%,0,0,0.00%,0,0,0.00%,1,,,,,,,,,,,,,,,,100,,,,,,,,0,,0,,,,,,1,,,,,,Never Blocked,,
2138,A3RCX3IQ8L6HHW,https://gamma-requester.mturk.com/workers/A3RCX3IQ8L6HHW,1,1,100.00%,0,0,0.00%,0,0,0.00%,,,,,,,,,,,,,,,,,,,,,1,,,,,,,,,,,,,,,,,,Never Blocked,,
2139,A3RD4M6HFHIO7Z,https://gamma-requester.mturk.com/workers/A3RD4M6HFHIO7Z,4,4,100.00%,0,0,0.00%,0,0,0.00%,1,,,,,,,,,,,,,,,,100,,,,,,,,0,,1,,1,,1,,1,,,,,,Never Blocked,,
2140,A3RDT5DH21PVAR,https://gamma-requester.mturk.com/workers/A3RDT5DH21PVAR,2,2,100.00%,0,0,0.00%,0,0,0.00%,,,,,,,,,1,,,,,,,,1,,,,,,,,,,,,,,,,,,,,,,Never Blocked,,
2141,A3REPTAHMY4QO,https://gamma-requester.mturk.com/workers/A3REPTAHMY4QO,2,2,100.00%,0,0,0.00%,0,0,0.00%,,,,,,,,,,,,,,,,,100,,,,,,,,,,,,,,,,,,,,,,Never Blocked,,
2142,A3RF3CT0E2IXFD,https://gamma-requester.mturk.com/workers/A3RF3CT0E2IXFD,1,1,100.00%,0,0,0.00%,0,0,0.00%,,,,,,,,,,,,,,,1,,,,,,,,1,,,,,,,,,,,,,,,,Never Blocked,,
2143,A3RFPUOU1XWS09,https://gamma-requester.mturk.com/workers/A3RFPUOU1XWS09,1,1,100.00%,0,0,0.00%,0,0,0.00%,,,,,,,,,,,,,,,,,,,,,,,,,,,,,,,,,,,1,,,,Never Blocked,,
2144,A3RHJEMZ4EGY2U,https://gamma-requester.mturk.com/workers/A3RHJEMZ4EGY2U,1,1,100.00%,0,0,0.00%,0,0,0.00%,1,,,,,,,,,,,,,,,,100,,,,,,,,0,,0,,,,,,,,,,1,,Never Blocked,,
2145,A3RIKC1PHSS2AL,https://gamma-requester.mturk.com/workers/A3RIKC1PHSS2AL,1,1,100.00%,0,0,0.00%,0,0,0.00%,,,,,,,,,,,,,,,1,,,,,,,,,,,,,,,,,,,,,,,,Never Blocked,,
2146,A3RIX2H2NYLNC4,https://gamma-requester.mturk.com/workers/A3RIX2H2NYLNC4,1,1,100.00%,0,0,0.00%,0,0,0.00%,1,,,,,,,,,,,,,,,,100,,,,,,,,0,,0,,,,,,,,,,1,,Never Blocked,,
2147,A3RK5N4X7J4JGK,https://gamma-requester.mturk.com/workers/A3RK5N4X7J4JGK,2,2,100.00%,0,0,0.00%,0,0,0.00%,,,,,,,,,,,,,,,1,,,,,,,,1,,,,,,,,,,,,,,,,Never Blocked,,
2148,A3RLBAGOWDK6EY,https://gamma-requester.mturk.com/workers/A3RLBAGOWDK6EY,1,1,100.00%,0,0,0.00%,0,0,0.00%,,,,,,,,,,,,,,,,,1,,,,,,,,,,,,,,,,,,,,,,Never Blocked,,
2149,A3ROYCIEAFHRCV,https://gamma-requester.mturk.com/workers/A3ROYCIEAFHRCV,1,1,100.00%,0,0,0.00%,0,0,0.00%,,,,,,,,,,,,,,,,,1,,,,,,,,,,,,,,,,,,,,,,Never Blocked,,
2150,A3RP4AO5Z9QTHH,https://gamma-requester.mturk.com/workers/A3RP4AO5Z9QTHH,1,1,100.00%,0,0,0.00%,0,0,0.00%,1,,,,,,,,,,,,,,,,100,,,,,,,,0,,0,,,,,,,,,,,,Never Blocked,,
2151,A3RR85PK3AV9TU,https://gamma-requester.mturk.com/workers/A3RR85PK3AV9TU,1,1,100.00%,0,0,0.00%,0,0,0.00%,1,,,,,,,,,,,,,,,,100,,,,,,,,0,,0,,,,,,,,,,,,Never Blocked,,
2152,A3RSMQYACM0BM,https://gamma-requester.mturk.com/workers/A3RSMQYACM0BM,1,1,100.00%,0,0,0.00%,0,0,0.00%,1,,,,,,,,,,,,,,,,100,,,,,,,,0,,0,,,,,,,,,,1,,Never Blocked,,
2153,A3RVHUY67SVXQV,https://gamma-requester.mturk.com/workers/A3RVHUY67SVXQV,3,3,100.00%,0,0,0.00%,0,0,0.00%,1,,,,,,,,,,,,,,,,100,,,,1,,,,0,,0,,,,,,,,,,,,Never Blocked,,
2154,A3RXVDE4OPX10O,https://gamma-requester.mturk.com/workers/A3RXVDE4OPX10O,1,1,100.00%,0,0,0.00%,0,0,0.00%,1,,,,,,,,,,,,,,,,100,,,,,,,,0,,0,,,,,,,,,,1,,Never Blocked,,
2155,A3RXXEVLEAM53M,https://gamma-requester.mturk.com/workers/A3RXXEVLEAM53M,4,4,100.00%,0,0,0.00%,0,0,0.00%,1,,,,,,,,,,,,,,,,100,,,,,,,,0,,1,,1,,1,,1,,,,,,Never Blocked,,
2156,A3RYJ0DWL1TXV1,https://gamma-requester.mturk.com/workers/A3RYJ0DWL1TXV1,1,1,100.00%,0,0,0.00%,0,0,0.00%,1,,,,,,,,,,,,,,,,100,,,,,,,,0,,0,,,,,,1,,,,,,Never Blocked,,
2157,A3RZ9OTCS0IWFI,https://gamma-requester.mturk.com/workers/A3RZ9OTCS0IWFI,1,1,100.00%,0,0,0.00%,0,0,0.00%,,,,,,,,,,,,,,,,,100,,,,,,,,,,,,,,,,,,,,,,Never Blocked,,
2158,A3S10MQO4RXHM8,https://gamma-requester.mturk.com/workers/A3S10MQO4RXHM8,4,4,100.00%,0,0,0.00%,0,0,0.00%,,,,,,,,,,,,,,,1,,,,,,1,,,,,,,,,,,,,,,,,,Never Blocked,,
2159,A3S392MV6HWTTE,https://gamma-requester.mturk.com/workers/A3S392MV6HWTTE,1,1,100.00%,0,0,0.00%,0,0,0.00%,1,,,,,,,,,,,,,,,,100,,,,,,,,0,,0,,,,,,,,,,,,Never Blocked,,
2160,A3S3NLZV7A06QN,https://gamma-requester.mturk.com/workers/A3S3NLZV7A06QN,1,1,100.00%,0,0,0.00%,0,0,0.00%,1,,,,,,,,,,,,,,,,100,,,,,,,,0,,0,,,,,,,,,,1,,Never Blocked,,
2161,A3S3WYVCVWW8IZ,https://gamma-requester.mturk.com/workers/A3S3WYVCVWW8IZ,3,3,100.00%,0,0,0.00%,0,0,0.00%,1,,,,,,1,,,,,,,,,,100,,,,,,,,0,,0,,,,,,,,,,1,,Never Blocked,,
2162,A3S67QA0SQVPUJ,https://gamma-requester.mturk.com/workers/A3S67QA0SQVPUJ,5,5,100.00%,0,0,0.00%,0,0,0.00%,1,,,,,,,,,,,,,,,,100,,,,,,,,1,,1,,1,,1,,1,,,,,,Never Blocked,,
2163,A3S6CBTU1HB21X,https://gamma-requester.mturk.com/workers/A3S6CBTU1HB21X,1,1,100.00%,0,0,0.00%,0,0,0.00%,1,,,,,,,,,,,,,,,,100,,,,,,,,0,,0,,,,,,1,,,,,,Never Blocked,,
2164,A3S9XFLDU4YK2E,https://gamma-requester.mturk.com/workers/A3S9XFLDU4YK2E,1,1,100.00%,0,0,0.00%,0,0,0.00%,1,,,,,,,,,,,,,,,,100,,,,,,,,0,,0,,,,,,,,,,,,Never Blocked,,
2165,A3SCSAD3OBQVEO,https://gamma-requester.mturk.com/workers/A3SCSAD3OBQVEO,0,0,0.00%,0,0,0.00%,0,0,0.00%,,,,,,,,,,,,,,1,,,,,,,,,,,,,,,,,,,,,,,,,Never Blocked,,
2166,A3SDFAOJW87FGP,https://gamma-requester.mturk.com/workers/A3SDFAOJW87FGP,3,3,100.00%,0,0,0.00%,0,0,0.00%,1,,,,,,,,,,,,,,,,100,,,,,,,,0,,0,,1,,1,,1,,,,,,Never Blocked,,
2167,A3SEQOF348VNQN,https://gamma-requester.mturk.com/workers/A3SEQOF348VNQN,1,1,100.00%,0,0,0.00%,0,0,0.00%,,,,,,,,,,,1,,,,,,1,,,,,,,,,,,,,,,,,,,,,,Never Blocked,,
2168,A3SFNY43VM330P,https://gamma-requester.mturk.com/workers/A3SFNY43VM330P,1,1,100.00%,0,0,0.00%,0,0,0.00%,1,,,,,,,,,,,,,,,,100,,,,,,,,0,,0,,,,,,,,,,1,,Never Blocked,,
2169,A3SFP9VSFJY2YW,https://gamma-requester.mturk.com/workers/A3SFP9VSFJY2YW,3,3,100.00%,0,0,0.00%,0,0,0.00%,,,,,,,,,,,,,,,1,,1,,,,,,1,,,,,,,,,,,,,,,,Never Blocked,,
2170,A3SKE5B27HLVO6,https://gamma-requester.mturk.com/workers/A3SKE5B27HLVO6,2,2,100.00%,0,0,0.00%,0,0,0.00%,,,,,,,,,,,,,,,,,,,,,1,,,,,,,,,,,,,,1,,,,Never Blocked,,
2171,A3SMB36H9SH2FD,https://gamma-requester.mturk.com/workers/A3SMB36H9SH2FD,1,1,100.00%,0,0,0.00%,0,0,0.00%,1,,,,,,,,,,,,,,,,100,,,,,,,,0,,0,,,,,,,,,,1,,Never Blocked,,
2172,A3SMMI1Z1558QE,https://gamma-requester.mturk.com/workers/A3SMMI1Z1558QE,3,3,100.00%,0,0,0.00%,0,0,0.00%,,,,,,,,,,,,,,,1,,,,,,,,1,,,,,,,,,,,,,,,,Never Blocked,,
2173,A3SMPG1SKJSLQW,https://gamma-requester.mturk.com/workers/A3SMPG1SKJSLQW,4,4,100.00%,0,0,0.00%,0,0,0.00%,1,,,,,,,,,,,,,,,,100,,,,,,,,0,,0,,1,,1,,1,,,,,,Never Blocked,,
2174,A3SRQAFRDSCY05,https://gamma-requester.mturk.com/workers/A3SRQAFRDSCY05,1,1,100.00%,0,0,0.00%,0,0,0.00%,,,,,,,,,,,,,,,1,,,,,,,,1,,,,,,,,,,,,,,,,Never Blocked,,
2175,A3SRVRFTL8413I,https://gamma-requester.mturk.com/workers/A3SRVRFTL8413I,1,1,100.00%,0,0,0.00%,0,0,0.00%,1,,,,,,,,,,,,,,,,100,,,,,,,,0,,0,,,,,,,,,,1,,Never Blocked,,
2176,A3SSIUMI7ONK5W,https://gamma-requester.mturk.com/workers/A3SSIUMI7ONK5W,4,4,100.00%,0,0,0.00%,0,0,0.00%,,,,,,,,,,,,,,,,,100,,,,,,,,,,,,,,,,,,,,,,Never Blocked,,
2177,A3SSKQAFAOM02T,https://gamma-requester.mturk.com/workers/A3SSKQAFAOM02T,1,1,100.00%,0,0,0.00%,0,0,0.00%,1,,,,,,,,,,,,,,,,100,,,,,,,,0,,0,,,,,,,,,,,,Never Blocked,,
2178,A3SSZZTJIJLD3Y,https://gamma-requester.mturk.com/workers/A3SSZZTJIJLD3Y,2,2,100.00%,0,0,0.00%,0,0,0.00%,,,,,,,1,,,,,,,,,,,,,,,,,,,,,,,,,,,,1,,,,Never Blocked,,
2179,A3SYYXAP9G317O,https://gamma-requester.mturk.com/workers/A3SYYXAP9G317O,1,1,100.00%,0,0,0.00%,0,0,0.00%,,,,,,,,,,,,,,,,,,,,,,,,,,,,,,,,,,,,,,,Never Blocked,,
2180,A3T14CFDA1ONP3,https://gamma-requester.mturk.com/workers/A3T14CFDA1ONP3,1,1,100.00%,0,0,0.00%,0,0,0.00%,,,,,,,,,,,,,,,,,,,,,,,,,,,,,,,,,,,,,,,Never Blocked,,
2181,A3T5UAYFKJBVTA,https://gamma-requester.mturk.com/workers/A3T5UAYFKJBVTA,1,1,100.00%,0,0,0.00%,0,0,0.00%,1,,,,,,,,,,,,,,,,100,,,,,,,,0,,0,,,,,,,,,,,,Never Blocked,,
2182,A3T8AGHKKNWY9J,https://gamma-requester.mturk.com/workers/A3T8AGHKKNWY9J,1,1,100.00%,0,0,0.00%,0,0,0.00%,,,,,,,,,,,,,,,,,1,,,,,,,,,,,,,,,,,,,,,,Never Blocked,,
2183,A3T9WZOUQGE2UW,https://gamma-requester.mturk.com/workers/A3T9WZOUQGE2UW,2,2,100.00%,0,0,0.00%,0,0,0.00%,1,,,,,,1,,,,,,,,,,100,,,,,,,,0,,0,,,,,,,,1,,1,,Never Blocked,,
2184,A3TACK9NUMFBZA,https://gamma-requester.mturk.com/workers/A3TACK9NUMFBZA,3,3,100.00%,0,0,0.00%,0,0,0.00%,,,,,,,,,,,1,,,,,,1,,,,,,,,,,,,,,,,,,,,,,Never Blocked,,
2185,A3TBG0S2IEBVHU,https://gamma-requester.mturk.com/workers/A3TBG0S2IEBVHU,2,2,100.00%,0,0,0.00%,0,0,0.00%,1,,,,,,,,,,,,,,,,100,,,,,,,,0,,0,,,,,,,,1,,1,,Never Blocked,,
2186,A3TCN1KTLYG8HC,https://gamma-requester.mturk.com/workers/A3TCN1KTLYG8HC,3,3,100.00%,0,0,0.00%,0,0,0.00%,1,,,,,,,,,,,,,,,,100,,,,,,,,0,,0,,1,,1,,1,,,,,,Never Blocked,,
2187,A3TDA1NWHNQFE3,https://gamma-requester.mturk.com/workers/A3TDA1NWHNQFE3,2,2,100.00%,0,0,0.00%,0,0,0.00%,1,,,,,,,,,,,,,,,,100,,,,,,,,0,,0,,,,,,,,,,,,Never Blocked,,
2188,A3TF2L36Z80Y6N,https://gamma-requester.mturk.com/workers/A3TF2L36Z80Y6N,1,1,100.00%,0,0,0.00%,0,0,0.00%,,,,,,,,,,,,,,,,,100,,,,,,,,,,,,,,,,,,,,,,Never Blocked,,
2189,A3TG3EHZ5Q0U40,https://gamma-requester.mturk.com/workers/A3TG3EHZ5Q0U40,1,1,100.00%,0,0,0.00%,0,0,0.00%,1,,,,,,,,,,,,,,,,100,,,,,,,,0,,0,,,,,,,,,,,,Never Blocked,,
2190,A3TH6B3RUD1MUQ,https://gamma-requester.mturk.com/workers/A3TH6B3RUD1MUQ,1,1,100.00%,0,0,0.00%,0,0,0.00%,,,,,,,,,,,,,,,,,100,,,,,,,,,,,,,,,,,,,,,,Never Blocked,,
2191,A3TI4G63J6VCKV,https://gamma-requester.mturk.com/workers/A3TI4G63J6VCKV,2,2,100.00%,0,0,0.00%,0,0,0.00%,,,,,,,,,,,1,,,,,,1,,,,,,,,,,,,,,,,,,,,,,Never Blocked,,
2192,A3TIUQ5JYFA559,https://gamma-requester.mturk.com/workers/A3TIUQ5JYFA559,1,1,100.00%,0,0,0.00%,0,0,0.00%,1,,,,,,,,,,,,,,,,100,,,,,,,,0,,0,,,,,,,,,,,,Never Blocked,,
2193,A3TL4S87NTBEQ3,https://gamma-requester.mturk.com/workers/A3TL4S87NTBEQ3,1,1,100.00%,0,0,0.00%,0,0,0.00%,,,,,,,,,1,,,,,,,,1,,,,,,,,,,,,,,,,,,,,,,Never Blocked,,
2194,A3TMVAECAVF9X5,https://gamma-requester.mturk.com/workers/A3TMVAECAVF9X5,2,2,100.00%,0,0,0.00%,0,0,0.00%,,,,,,,,,,,,,,,,,,,,,1,,,,,,,,,,,,,,,,,,Never Blocked,,
2195,A3TPW4JUUJDUFI,https://gamma-requester.mturk.com/workers/A3TPW4JUUJDUFI,1,1,100.00%,0,0,0.00%,0,0,0.00%,1,,,,,,,,,,,,,,,,100,,,,,,,,0,,0,,,,,,,,,,,,Never Blocked,,
2196,A3TUJHF9LW3M8N,https://gamma-requester.mturk.com/workers/A3TUJHF9LW3M8N,1,1,100.00%,0,0,0.00%,0,0,0.00%,1,,,,,,,,,,,,,,,,100,,,,,,,,0,,0,,,,,,,,,,1,,Never Blocked,,
2197,A3U0GQGAPN2DAV,https://gamma-requester.mturk.com/workers/A3U0GQGAPN2DAV,2,2,100.00%,0,0,0.00%,0,0,0.00%,,,,,,,,,1,,,,,,,,1,,,,,,,,,,,,,,,,,,,,,,Never Blocked,,
2198,A3U0XSWNQF054N,https://gamma-requester.mturk.com/workers/A3U0XSWNQF054N,1,1,100.00%,0,0,0.00%,0,0,0.00%,,,,,,,,,,,,,,,,,,,,,,,,,,,,,,,,,,,,,,,Never Blocked,,
2199,A3U21R6BSJWJQ1,https://gamma-requester.mturk.com/workers/A3U21R6BSJWJQ1,1,1,100.00%,0,0,0.00%,0,0,0.00%,1,,,,,,,,,,,,,,,,100,,,,,,,,0,,0,,,,,,,,,,1,,Never Blocked,,
2200,A3U2VUZ2L7HIWG,https://gamma-requester.mturk.com/workers/A3U2VUZ2L7HIWG,1,1,100.00%,0,0,0.00%,0,0,0.00%,1,,,,,,,,,,,,,,,,100,,,,,,,,0,,0,,,,,,,,,,1,,Never Blocked,,
2201,A3U48V7V1HP3EP,https://gamma-requester.mturk.com/workers/A3U48V7V1HP3EP,2,2,100.00%,0,0,0.00%,0,0,0.00%,,,,,,,1,,,,,,,,,,,,,,,,,,,,,,,,,,,,1,,,,Never Blocked,,
2202,A3U5TFE0AWI2K9,https://gamma-requester.mturk.com/workers/A3U5TFE0AWI2K9,0,0,0.00%,0,0,0.00%,0,0,0.00%,,,,,,,,,,,,,,1,,,,,,,,,,,,,,,,,,,,,,,,,Never Blocked,,
2203,A3U6RJMSR2X11H,https://gamma-requester.mturk.com/workers/A3U6RJMSR2X11H,1,1,100.00%,0,0,0.00%,0,0,0.00%,1,,,,,,,,,,,,,,,,100,,,,,,,,0,,0,,,,,,,,,,1,,Never Blocked,,
2204,A3U7XME8B3M7NI,https://gamma-requester.mturk.com/workers/A3U7XME8B3M7NI,1,1,100.00%,0,0,0.00%,0,0,0.00%,1,,,,,,,,,,,,,,,,100,,,,,,,,0,,0,,,,,,,,,,1,,Never Blocked,,
2205,A3UA50A6GKNAMR,https://gamma-requester.mturk.com/workers/A3UA50A6GKNAMR,2,2,100.00%,0,0,0.00%,0,0,0.00%,,,,,,,,,,,,,,,1,,,,,,,,1,,,,,,,,,,,,,,,,Never Blocked,,
2206,A3UD7T1L80TCR3,https://gamma-requester.mturk.com/workers/A3UD7T1L80TCR3,5,5,100.00%,0,0,0.00%,0,0,0.00%,1,,,,,,,,,,,,,,,,100,,,,,,,,1,,1,,1,,1,,1,,,,,,Never Blocked,,
2207,A3UDY4V4ERBG25,https://gamma-requester.mturk.com/workers/A3UDY4V4ERBG25,3,3,100.00%,0,0,0.00%,0,0,0.00%,,,,,,,,,,,,,,,1,,,,,,,,1,,,,,,,,,,,,,,,,Never Blocked,,
2208,A3UI9A8F9IDZTG,https://gamma-requester.mturk.com/workers/A3UI9A8F9IDZTG,4,4,100.00%,0,0,0.00%,0,0,0.00%,1,,,,,,,,,,,,,,,,100,,,,,,,,0,,1,,1,,1,,1,,,,,,Never Blocked,,
2209,A3UN1F1EOHKKE6,https://gamma-requester.mturk.com/workers/A3UN1F1EOHKKE6,1,1,100.00%,0,0,0.00%,0,0,0.00%,1,,,,,,,,,,,,,,,,100,,,,,,,,0,,0,,,,,,,,,,1,,Never Blocked,,
2210,A3UOG4U007DSXL,https://gamma-requester.mturk.com/workers/A3UOG4U007DSXL,1,1,100.00%,0,0,0.00%,0,0,0.00%,,,,,,,,,,,,,,,,,1,,,,,,,,,,,,,,,,,,,,,,Never Blocked,,
2211,A3UST4ECBO0560,https://gamma-requester.mturk.com/workers/A3UST4ECBO0560,1,1,100.00%,0,0,0.00%,0,0,0.00%,1,,,,,,,,,,,,,,,,100,,,,,,,,0,,0,,,,,,,,,,,,Never Blocked,,
2212,A3UUH3632AI3ZX,https://gamma-requester.mturk.com/workers/A3UUH3632AI3ZX,1,1,100.00%,0,0,0.00%,0,0,0.00%,1,,,,,,,,,,,,,,,,100,,,,,,,,0,,0,,,,,,,,,,1,,Never Blocked,,
2213,A3UWHJTAUTF6TO,https://gamma-requester.mturk.com/workers/A3UWHJTAUTF6TO,4,4,100.00%,0,0,0.00%,0,0,0.00%,1,,,,,,,,,,,,,,,,100,,,,,,,,0,,1,,1,,1,,1,,,,,,Never Blocked,,
2214,A3UXXDG58OXWEL,https://gamma-requester.mturk.com/workers/A3UXXDG58OXWEL,1,1,100.00%,0,0,0.00%,0,0,0.00%,1,,,,,,,,,,,,,,,,100,,,,,,,,0,,0,,,,,,,,,,,,Never Blocked,,
2215,A3UZ5V4Y0K3YPV,https://gamma-requester.mturk.com/workers/A3UZ5V4Y0K3YPV,1,1,100.00%,0,0,0.00%,0,0,0.00%,,,,,,,,,1,,,,,,,,1,,,,,,,,,,,,,,,,,,,,,,Never Blocked,,
2216,A3UZYBO3EGBDWR,https://gamma-requester.mturk.com/workers/A3UZYBO3EGBDWR,1,1,100.00%,0,0,0.00%,0,0,0.00%,1,,,,,,,,,,,,,,,,100,,,,,,,,0,,0,,,,,,,,,,1,,Never Blocked,,
2217,A3V1VK1A3NYN17,https://gamma-requester.mturk.com/workers/A3V1VK1A3NYN17,1,1,100.00%,0,0,0.00%,0,0,0.00%,1,,,,,,,,,,,,,,,,100,,,,,,,,0,,0,,,,,,,,,,1,,Never Blocked,,
2218,A3V2XCDF45VN9X,https://gamma-requester.mturk.com/workers/A3V2XCDF45VN9X,4,4,100.00%,1,1,100.00%,0,0,0.00%,,,,,,,,,1,,,,1,,,,1,,,,,,,,,,,,,,,,,,,,,,Never Blocked,,
2219,A3V3SQCM8QGYB7,https://gamma-requester.mturk.com/workers/A3V3SQCM8QGYB7,1,1,100.00%,0,0,0.00%,0,0,0.00%,1,,,,,,,,,,,,,,,,100,,,,,,,,0,,0,,,,,,,,,,,,Never Blocked,,
2220,A3V7HHS20YFRT4,https://gamma-requester.mturk.com/workers/A3V7HHS20YFRT4,2,2,100.00%,0,0,0.00%,0,0,0.00%,,,,,,,,,,,,,,,1,,,,,,,,1,,,,,,,,,,,,,,,,Never Blocked,,
2221,A3VA5BS033GXU0,https://gamma-requester.mturk.com/workers/A3VA5BS033GXU0,1,1,100.00%,0,0,0.00%,0,0,0.00%,1,,,,,,,,,,,,,,,,100,,,,,,,,0,,0,,,,,,,,,,1,,Never Blocked,,
2222,A3VBNWON5XOUVS,https://gamma-requester.mturk.com/workers/A3VBNWON5XOUVS,1,1,100.00%,0,0,0.00%,0,0,0.00%,1,,,,,,,,,,,,,,,,100,,,,,,,,0,,0,,,,,,,,,,1,,Never Blocked,,
2223,A3VC2ZAJP08NYJ,https://gamma-requester.mturk.com/workers/A3VC2ZAJP08NYJ,1,1,100.00%,0,0,0.00%,0,0,0.00%,1,,,,,,,,,,,,,,,,100,,,,,,,,0,,0,,,,,,,,,,,,Never Blocked,,
2224,A3VENK02U0X16N,https://gamma-requester.mturk.com/workers/A3VENK02U0X16N,1,1,100.00%,0,0,0.00%,0,0,0.00%,1,,,,,,,,,,,,,,,,100,,,,,,,,0,,0,,,,,,,,,,1,,Never Blocked,,
2225,A3VG8YYPGF02CA,https://gamma-requester.mturk.com/workers/A3VG8YYPGF02CA,1,1,100.00%,0,0,0.00%,0,0,0.00%,,,,,,,,,,,,,,,,,100,,,,,,,,,,,,,,,,,,,,,,Never Blocked,,
2226,A3VH9AT1MB4MI2,https://gamma-requester.mturk.com/workers/A3VH9AT1MB4MI2,1,1,100.00%,0,0,0.00%,0,0,0.00%,,,,,,,,,,,,,,,,,1,,,,,,,,,,,,,,,,,,,,,,Never Blocked,,
2227,A3VHDQR8A9JJ4F,https://gamma-requester.mturk.com/workers/A3VHDQR8A9JJ4F,2,2,100.00%,0,0,0.00%,0,0,0.00%,,,,,,,,,1,,,,,,,,1,,,,,,,,,,,,,,,,,,,,,,Never Blocked,,
2228,A3VHHOL9FV97D7,https://gamma-requester.mturk.com/workers/A3VHHOL9FV97D7,1,1,100.00%,0,0,0.00%,0,0,0.00%,1,,,,,,,,,,,,,,,,100,,,,,,,,0,,0,,,,,,,,,,,,Never Blocked,,
2229,A3VIHILVE7WLKR,https://gamma-requester.mturk.com/workers/A3VIHILVE7WLKR,2,2,100.00%,0,0,0.00%,0,0,0.00%,,,,,,,,,,,,,,,1,,,,,,,,1,,,,,,,,,,,,,,,,Never Blocked,,
2230,A3VJCQT7EGET0J,https://gamma-requester.mturk.com/workers/A3VJCQT7EGET0J,1,1,100.00%,0,0,0.00%,0,0,0.00%,,,,,,,,,,,,,,,1,,,,,,,,,,,,,,,,,,,,,,,,Never Blocked,,
2231,A3VL1CBZ3BGQK7,https://gamma-requester.mturk.com/workers/A3VL1CBZ3BGQK7,1,1,100.00%,0,0,0.00%,0,0,0.00%,,,,,,,,,,,,,,,,,,,,,,,,,,,,,,,,,,,,,,,Never Blocked,,
2232,A3VOV38AURK7OQ,https://gamma-requester.mturk.com/workers/A3VOV38AURK7OQ,1,0,0.00%,0,0,0.00%,0,0,0.00%,,,,,,,,,,,,,,,,,,,,,,,,,,,,,,,,,,,,,,,Never Blocked,,
2233,A3VPD34C23PQTQ,https://gamma-requester.mturk.com/workers/A3VPD34C23PQTQ,1,1,100.00%,0,0,0.00%,0,0,0.00%,1,,,,,,,,,,,,,,,,100,,,,,,,,0,,0,,,,,,,,,,,,Never Blocked,,
2234,A3VQ5JLC35TXZZ,https://gamma-requester.mturk.com/workers/A3VQ5JLC35TXZZ,1,1,100.00%,1,1,100.00%,0,0,0.00%,,,,,,,,,,,,,1,,,,,,,,,,,,,,,,,,,,,,,,,,Never Blocked,,
2235,A3VRBI3TK5IE8T,https://gamma-requester.mturk.com/workers/A3VRBI3TK5IE8T,1,1,100.00%,1,1,100.00%,0,0,0.00%,,,,,,,,,,,,,1,,,,,,,,,,,,,,,,,,,,,,,,,,Never Blocked,,
2236,A3VT7TOG781BQK,https://gamma-requester.mturk.com/workers/A3VT7TOG781BQK,1,1,100.00%,0,0,0.00%,0,0,0.00%,,,,,,,,,,,,,,,,,1,,,,,,,,,,,,,,,,,,,,,,Never Blocked,,
2237,A3VTOW7WLPTBRR,https://gamma-requester.mturk.com/workers/A3VTOW7WLPTBRR,1,1,100.00%,0,0,0.00%,0,0,0.00%,1,,,,,,,,,,,,,,,,100,,,,,,,,0,,0,,,,,,,,,,1,,Never Blocked,,
2238,A3VUOP95Z4LJK7,https://gamma-requester.mturk.com/workers/A3VUOP95Z4LJK7,1,0,0.00%,0,0,0.00%,0,0,0.00%,,,,,,,,,,,,,,,,,1,,,,,,,,,,,,,,,,,,,,,,Never Blocked,,
2239,A3VVCPYZROGGJZ,https://gamma-requester.mturk.com/workers/A3VVCPYZROGGJZ,1,1,100.00%,1,1,100.00%,0,0,0.00%,,,,,,,,,,,,,1,,,,,,,,,,,,,,,,,,,,,,,,,,Never Blocked,,
2240,A3VWJQ8RNAPEO4,https://gamma-requester.mturk.com/workers/A3VWJQ8RNAPEO4,0,0,0.00%,0,0,0.00%,0,0,0.00%,,,,,,,,,,,,,,1,,,,,,,,,,,,,,,,,,,,,,,,,Never Blocked,,
2241,A3VWWG2A0T60HZ,https://gamma-requester.mturk.com/workers/A3VWWG2A0T60HZ,1,1,100.00%,0,0,0.00%,0,0,0.00%,1,,,,,,,,,,,,,,,,100,,,,,,,,0,,0,,,,,,,,,,,,Never Blocked,,
2242,A3W2KU2SDVQF0I,https://gamma-requester.mturk.com/workers/A3W2KU2SDVQF0I,1,1,100.00%,0,0,0.00%,0,0,0.00%,1,,,,,,,,,,,,,,,,100,,,,,,,,0,,0,,,,,,,,,,1,,Never Blocked,,
2243,A3W3FYGMP7VLKZ,https://gamma-requester.mturk.com/workers/A3W3FYGMP7VLKZ,1,1,100.00%,0,0,0.00%,0,0,0.00%,1,,,,,,,,,,,,,,,,100,,,,,,,,0,,0,,,,,,,,,,,,Never Blocked,,
2244,A3W4XLAHW96WQI,https://gamma-requester.mturk.com/workers/A3W4XLAHW96WQI,1,1,100.00%,0,0,0.00%,0,0,0.00%,1,,,,,,,,,,,,,,,,100,,,,,,,,0,,0,,,,,,,,,,1,,Never Blocked,,
2245,A3X2BTHK3NSV6,https://gamma-requester.mturk.com/workers/A3X2BTHK3NSV6,1,1,100.00%,0,0,0.00%,0,0,0.00%,1,,,,,,,,,,,,,,,,100,,,,,,,,0,,0,,,,,,,,,,1,,Never Blocked,,
2246,A3YG4NM3FQQQY,https://gamma-requester.mturk.com/workers/A3YG4NM3FQQQY,1,1,100.00%,0,0,0.00%,0,0,0.00%,,,,,,,,,,,,,,,,,,,,,,,,,,,,,,,,,,,1,,,,Never Blocked,,
2247,A3ZVC031W4JEX,https://gamma-requester.mturk.com/workers/A3ZVC031W4JEX,0,0,0.00%,0,0,0.00%,0,0,0.00%,,,,,,,,,,,,,,,,,,,,,,,,,,,,,,,,,,,,,,,Never Blocked,,
2248,A40O6S62MI2VC,https://gamma-requester.mturk.com/workers/A40O6S62MI2VC,1,1,100.00%,0,0,0.00%,0,0,0.00%,1,,,,,,,,,,,,,,,,100,,,,,,,,0,,0,,,,,,,,,,,,Never Blocked,,
2249,A4158R4Y06ZB4,https://gamma-requester.mturk.com/workers/A4158R4Y06ZB4,1,1,100.00%,0,0,0.00%,0,0,0.00%,1,,,,,,,,,,,,,,,,100,,,,,,,,0,,0,,,,,,,,,,,,Never Blocked,,
2250,A41APS6V2Z1FJ,https://gamma-requester.mturk.com/workers/A41APS6V2Z1FJ,1,1,100.00%,0,0,0.00%,0,0,0.00%,,,,,,,,,,,,,,,,,,,,,1,,,,,,,,,,,,,,1,,,,Never Blocked,,
2251,A45HNDMV9V0NA,https://gamma-requester.mturk.com/workers/A45HNDMV9V0NA,4,4,100.00%,0,0,0.00%,0,0,0.00%,1,,,,,,,,,,,,,,,,100,,,,,,,,0,,1,,1,,1,,1,,,,,,Never Blocked,,
2252,A46X6HHZUZRRG,https://gamma-requester.mturk.com/workers/A46X6HHZUZRRG,1,1,100.00%,0,0,0.00%,0,0,0.00%,,,,,,,,,,,,,,,,,100,,,,,,,,,,,,,,,,,,,,,,Never Blocked,,
2253,A47T7R7B44WFH,https://gamma-requester.mturk.com/workers/A47T7R7B44WFH,1,1,100.00%,0,0,0.00%,0,0,0.00%,,,,,,,,,,,,,,,,,,,,,,,,,,,,,,,,,,,,,,,Never Blocked,,
2254,A49MH7IW4LBF2,https://gamma-requester.mturk.com/workers/A49MH7IW4LBF2,3,2,66.67%,0,0,0.00%,0,0,0.00%,,,,,,,,,,,1,,,,,,1,,,,,,,,,,,,,,,,,,,,,,Never Blocked,,
2255,A49WTQG4MBT9Z,https://gamma-requester.mturk.com/workers/A49WTQG4MBT9Z,1,1,100.00%,0,0,0.00%,0,0,0.00%,,,,,,,,,,,1,,,,,,1,,,,,,,,,,,,,,,,,,,,,,Never Blocked,,
2256,A4A9Z8AKIHVUP,https://gamma-requester.mturk.com/workers/A4A9Z8AKIHVUP,1,1,100.00%,0,0,0.00%,0,0,0.00%,1,,,,,,,,,,,,,,,,100,,,,,,,,0,,0,,,,,,,,,,1,,Never Blocked,,
2257,A4ANRSA55IW5Q,https://gamma-requester.mturk.com/workers/A4ANRSA55IW5Q,1,1,100.00%,0,0,0.00%,0,0,0.00%,,,,,,,,,1,,,,,,,,1,,,,,,,,,,,,,,,,,,,,,,Never Blocked,,
2258,A4H1T35G1RHI3,https://gamma-requester.mturk.com/workers/A4H1T35G1RHI3,1,1,100.00%,0,0,0.00%,0,0,0.00%,,,,,,,,,,,,,,,,,1,,,,,,,,,,,,,,,,,,,,,,Never Blocked,,
2259,A4H7WLKQI2AVA,https://gamma-requester.mturk.com/workers/A4H7WLKQI2AVA,0,0,0.00%,0,0,0.00%,0,0,0.00%,,,,,,,,,,,,,,1,,,,,,,,,,,,,,,,,,,,,,,,,Never Blocked,,
2260,A4HNS81WU3KY1,https://gamma-requester.mturk.com/workers/A4HNS81WU3KY1,3,3,100.00%,0,0,0.00%,0,0,0.00%,1,,,,,,,,,,,,,,,,100,,,,,,,,0,,0,,1,,1,,1,,,,,,Never Blocked,,
2261,A4IS3ES18TP1C,https://gamma-requester.mturk.com/workers/A4IS3ES18TP1C,1,1,100.00%,0,0,0.00%,0,0,0.00%,,,,,,,,,,,,,,,1,,,,,,,,,,,,,,,,,,,,,,,,Never Blocked,,
2262,A4LIJVRU6DG61,https://gamma-requester.mturk.com/workers/A4LIJVRU6DG61,5,5,100.00%,0,0,0.00%,0,0,0.00%,1,,,,,,,,,,,,,,,,100,,,,,,,,1,,1,,1,,1,,1,,,,,,Never Blocked,,
2263,A4LU8K5IEIW61,https://gamma-requester.mturk.com/workers/A4LU8K5IEIW61,1,1,100.00%,0,0,0.00%,0,0,0.00%,1,,,,,,,,,,,,,,,,100,,,,,,,,0,,0,,,,,,,,,,,,Never Blocked,,
2264,A4LX69IQD39NZ,https://gamma-requester.mturk.com/workers/A4LX69IQD39NZ,1,1,100.00%,0,0,0.00%,0,0,0.00%,1,,,,,,,,,,,,,,,,100,,,,,,,,0,,0,,,,,,,,,,1,,Never Blocked,,
2265,A4T4577P6JL6R,https://gamma-requester.mturk.com/workers/A4T4577P6JL6R,1,1,100.00%,0,0,0.00%,0,0,0.00%,1,,,,,,,,,,,,,,,,100,,,,,,,,0,,0,,,,,,,,,,1,,Never Blocked,,
2266,A4V3VZEMWDGD5,https://gamma-requester.mturk.com/workers/A4V3VZEMWDGD5,1,1,100.00%,0,0,0.00%,0,0,0.00%,1,,,,,,,,,,,,,,,,100,,,,,,,,0,,0,,,,,,,,,,,,Never Blocked,,
2267,A4VAIK6L0GV7Y,https://gamma-requester.mturk.com/workers/A4VAIK6L0GV7Y,1,1,100.00%,0,0,0.00%,0,0,0.00%,1,,,,,,,,,,,,,,,,100,,,,,,,,0,,0,,,,,,,,,,,,Never Blocked,,
2268,A4VUQ6627RJX8,https://gamma-requester.mturk.com/workers/A4VUQ6627RJX8,1,1,100.00%,0,0,0.00%,0,0,0.00%,,,,,,,,,,,,,,,,,100,,,,,,,,,,,,,,,,,,,,,,Never Blocked,,
2269,A4W94YAMEZBMG,https://gamma-requester.mturk.com/workers/A4W94YAMEZBMG,1,1,100.00%,0,0,0.00%,0,0,0.00%,1,,,,,,,,,,,,,,,,100,,,,,,,,0,,0,,,,,,,,,,1,,Never Blocked,,
2270,A4W9APAHFWVLO,https://gamma-requester.mturk.com/workers/A4W9APAHFWVLO,1,1,100.00%,0,0,0.00%,0,0,0.00%,1,,,,,,,,,,,,,,,,100,,,,,,,,0,,0,,,,,,,,,,1,,Never Blocked,,
2271,A4YZ3F7YVCCH7,https://gamma-requester.mturk.com/workers/A4YZ3F7YVCCH7,4,4,100.00%,0,0,0.00%,0,0,0.00%,1,,,,,,,,,,,,,,,,100,,,,,,,,0,,1,,1,,1,,1,,,,,,Never Blocked,,
2272,A50K26F2IS94U,https://gamma-requester.mturk.com/workers/A50K26F2IS94U,1,1,100.00%,0,0,0.00%,0,0,0.00%,,,,,,,,,,,,,,,,,,,,,,,,,,,,,,,,,,,1,,,,Never Blocked,,
2273,A5145V8MWKKI7,https://gamma-requester.mturk.com/workers/A5145V8MWKKI7,1,1,100.00%,0,0,0.00%,0,0,0.00%,1,,,,,,,,,,,,,,,,100,,,,,,,,0,,0,,,,,,,,,,,,Never Blocked,,
2274,A55CXM7QR7R0N,https://gamma-requester.mturk.com/workers/A55CXM7QR7R0N,1,1,100.00%,0,0,0.00%,0,0,0.00%,1,,,,,,,,,,,,,,,,100,,,,,,,,0,,0,,,,,,,,,,1,,Never Blocked,,
2275,A59IJF9I65GID,https://gamma-requester.mturk.com/workers/A59IJF9I65GID,1,1,100.00%,0,0,0.00%,0,0,0.00%,,,,,,,,,,,,,,,,,,,,,,,,,,,,,,,,,,,,,,,Never Blocked,,
2276,A5AE8MWFQVBX6,https://gamma-requester.mturk.com/workers/A5AE8MWFQVBX6,1,1,100.00%,0,0,0.00%,0,0,0.00%,,,,,,,,,,,,,,,,,,,,,,,,,,,,,,,,,,,,,,,Never Blocked,,
2277,A5BCSSPC180AG,https://gamma-requester.mturk.com/workers/A5BCSSPC180AG,1,1,100.00%,0,0,0.00%,0,0,0.00%,1,,,,,,,,,,,,,,,,100,,,,,,,,0,,0,,,,,,1,,,,,,Never Blocked,,
2278,A5BMKZRGHNSRT,https://gamma-requester.mturk.com/workers/A5BMKZRGHNSRT,1,1,100.00%,0,0,0.00%,0,0,0.00%,,,,,,,,,,,1,,,,,,1,,,,,,,,,,,,,,,,,,,,,,Never Blocked,,
2279,A5DMNDQD0GFPZ,https://gamma-requester.mturk.com/workers/A5DMNDQD0GFPZ,5,5,100.00%,0,0,0.00%,0,0,0.00%,1,,,,,,,,,,,,,,,,100,,,,,,,,1,,1,,1,,1,,1,,,,,,Never Blocked,,
2280,A5G7UW0WT3FOT,https://gamma-requester.mturk.com/workers/A5G7UW0WT3FOT,1,0,0.00%,0,0,0.00%,0,0,0.00%,,,,,,,,,,,,,,,,,1,,,,,,,,,,,,,,,,,,,,,,Never Blocked,,
2281,A5GSJYGCTADR6,https://gamma-requester.mturk.com/workers/A5GSJYGCTADR6,1,1,100.00%,0,0,0.00%,0,0,0.00%,1,,,,,,,,,,,,,,,,100,,,,,,,,0,,0,,,,,,,,,,,,Never Blocked,,
2282,A5JUTCI1XLTTD,https://gamma-requester.mturk.com/workers/A5JUTCI1XLTTD,2,2,100.00%,0,0,0.00%,0,0,0.00%,,,,,,,,,,,,,,,,,100,,,,,,,,,,,,,,,,,,,,,,Never Blocked,,
2283,A5LSIMFNBHMTP,https://gamma-requester.mturk.com/workers/A5LSIMFNBHMTP,1,1,100.00%,0,0,0.00%,0,0,0.00%,1,,,,,,,,,,,,,,,,100,,,,,,,,0,,0,,,,,,,,,,1,,Never Blocked,,
2284,A5NBPVQRJ3SLI,https://gamma-requester.mturk.com/workers/A5NBPVQRJ3SLI,3,3,100.00%,0,0,0.00%,0,0,0.00%,1,,,,,,,,,,,,,,,,100,,,,,,,,0,,0,,1,,1,,1,,,,,,Never Blocked,,
2285,A5NE8TWS8ZV7B,https://gamma-requester.mturk.com/workers/A5NE8TWS8ZV7B,2,2,100.00%,0,0,0.00%,0,0,0.00%,,,,,,,,,,,1,,,,,,1,,,,,,,,,,,,,,,,,,,,,,Never Blocked,,
2286,A5P12YJP805RG,https://gamma-requester.mturk.com/workers/A5P12YJP805RG,4,4,100.00%,0,0,0.00%,0,0,0.00%,,,,,,,,,1,,,,,,1,,1,,,,,,1,,,,,,,,,,,,,,,,Never Blocked,,
2287,A5RJAARS7IUFY,https://gamma-requester.mturk.com/workers/A5RJAARS7IUFY,1,1,100.00%,0,0,0.00%,0,0,0.00%,1,,,,,,,,,,,,,,,,100,,,,,,,,0,,0,,,,,,,,,,,,Never Blocked,,
2288,A5SHVX15AQJQF,https://gamma-requester.mturk.com/workers/A5SHVX15AQJQF,1,1,100.00%,0,0,0.00%,0,0,0.00%,,,,,,,,,,,,,,,,,1,,,,,,,,,,,,,,,,,,,,,,Never Blocked,,
2289,A5TE425T8LS4V,https://gamma-requester.mturk.com/workers/A5TE425T8LS4V,1,1,100.00%,1,1,100.00%,0,0,0.00%,,,,,,,,,,,,,1,,,,,,,,,,,,,,,,,,,,,,,,,,Never Blocked,,
2290,A5U517WO9A7MD,https://gamma-requester.mturk.com/workers/A5U517WO9A7MD,2,2,100.00%,0,0,0.00%,0,0,0.00%,1,,,,,,,,,,,,,,,,100,,,,,,,,0,,0,,,,1,,1,,,,,,Never Blocked,,
2291,A5ULEOIY4UG0F,https://gamma-requester.mturk.com/workers/A5ULEOIY4UG0F,1,1,100.00%,0,0,0.00%,0,0,0.00%,1,,,,,,,,,,,,,,,,100,,,,,,,,0,,0,,,,,,,,,,1,,Never Blocked,,
2292,A5WWHKD82I8UE,https://gamma-requester.mturk.com/workers/A5WWHKD82I8UE,5,5,100.00%,0,0,0.00%,0,0,0.00%,1,,,,,,,,,,,,,,,,100,,,,,,,,1,,1,,1,,1,,1,,,,,,Never Blocked,,
2293,A5XQ30GQTHHK6,https://gamma-requester.mturk.com/workers/A5XQ30GQTHHK6,1,1,100.00%,0,0,0.00%,0,0,0.00%,1,,,,,,,,,,,,,,,,100,,,,,,,,0,,0,,,,,,1,,,,,,Never Blocked,,
2294,A606GB0TAI3WV,https://gamma-requester.mturk.com/workers/A606GB0TAI3WV,1,1,100.00%,0,0,0.00%,0,0,0.00%,,,,,,,,,1,,,,,,,,1,,,,,,,,,,,,,,,,,,,,,,Never Blocked,,
2295,A61VUJBWZSFFM,https://gamma-requester.mturk.com/workers/A61VUJBWZSFFM,5,5,100.00%,0,0,0.00%,0,0,0.00%,1,,,,,,,,,,,,,,,,100,,,,,,,,1,,1,,1,,1,,1,,,,,,Never Blocked,,
2296,A66QAY9ZC7PS4,https://gamma-requester.mturk.com/workers/A66QAY9ZC7PS4,2,2,100.00%,0,0,0.00%,0,0,0.00%,,,,,,,1,,,,,,,,,,,,,,,,,,,,,,,,,,,,,,,,Never Blocked,,
2297,A6ASUA3LW2EYV,https://gamma-requester.mturk.com/workers/A6ASUA3LW2EYV,1,1,100.00%,0,0,0.00%,0,0,0.00%,1,,,,,,,,,,,,,,,,100,,,,,,,,0,,0,,,,,,,,,,,,Never Blocked,,
2298,A6BXO4JNQP7W9,https://gamma-requester.mturk.com/workers/A6BXO4JNQP7W9,1,1,100.00%,0,0,0.00%,0,0,0.00%,1,,,,,,,,,,,,,,,,100,,,,,,,,0,,0,,,,,,,,,,1,,Never Blocked,,
2299,A6D220PVIK2MH,https://gamma-requester.mturk.com/workers/A6D220PVIK2MH,1,1,100.00%,0,0,0.00%,0,0,0.00%,1,,,,,,,,,,,,,,,,100,,,,,,,,0,,0,,,,,,,,,,,,Never Blocked,,
2300,A6D4ZL7O2NH8M,https://gamma-requester.mturk.com/workers/A6D4ZL7O2NH8M,4,4,100.00%,0,0,0.00%,0,0,0.00%,1,,,,,,,,,,,,,,,,100,,,,,,,,0,,0,,1,,1,,1,,,,,,Never Blocked,,
2301,A6GDXK2BWJTVH,https://gamma-requester.mturk.com/workers/A6GDXK2BWJTVH,1,1,100.00%,0,0,0.00%,0,0,0.00%,,,,,,,,,,,,,,,,,100,,,,,,,,,,,,,,,,,,,,,,Never Blocked,,
2302,A6HDSE80LQPR8,https://gamma-requester.mturk.com/workers/A6HDSE80LQPR8,1,1,100.00%,0,0,0.00%,0,0,0.00%,1,,,,,,,,,,,,,,,,100,,,,,,,,0,,0,,,,,,,,,,1,,Never Blocked,,
2303,A6IKEWK6FWOLC,https://gamma-requester.mturk.com/workers/A6IKEWK6FWOLC,2,2,100.00%,0,0,0.00%,0,0,0.00%,,,,,,,,,,,1,,,,,,1,,,,,,,,,,,,,,,,,,,,,,Never Blocked,,
2304,A6KB4VHCZYTY2,https://gamma-requester.mturk.com/workers/A6KB4VHCZYTY2,1,1,100.00%,0,0,0.00%,0,0,0.00%,1,,,,,,,,,,,,,,,,100,,,,,,,,0,,0,,,,,,,,,,1,,Never Blocked,,
2305,A6KNVMWAKGU0Q,https://gamma-requester.mturk.com/workers/A6KNVMWAKGU0Q,1,1,100.00%,0,0,0.00%,0,0,0.00%,1,,,,,,,,,,,,,,,,100,,,,,,,,0,,0,,,,,,,,,,1,,Never Blocked,,
2306,A6M7YIG6KKHPA,https://gamma-requester.mturk.com/workers/A6M7YIG6KKHPA,1,1,100.00%,0,0,0.00%,0,0,0.00%,,,,,,,,,,,,,,,,,,,,,1,,,,,,,,,,,,,,1,,,,Never Blocked,,
2307,A6MWJK1YEY5L2,https://gamma-requester.mturk.com/workers/A6MWJK1YEY5L2,1,1,100.00%,0,0,0.00%,0,0,0.00%,1,,,,,,,,,,,,,,,,100,,,,,,,,0,,0,,,,,,,,,,1,,Never Blocked,,
2308,A6VAZPR1FS3NO,https://gamma-requester.mturk.com/workers/A6VAZPR1FS3NO,0,0,0.00%,0,0,0.00%,0,0,0.00%,,,,,,,,,,,,,,1,,,,,,,,,,,,,,,,,,,,,,,,,Never Blocked,,
2309,A6WXIKRYMXNIN,https://gamma-requester.mturk.com/workers/A6WXIKRYMXNIN,1,1,100.00%,0,0,0.00%,0,0,0.00%,1,,,,,,,,,,,,,,,,100,,,,,,,,0,,0,,,,,,,,,,1,,Never Blocked,,
2310,A6ZLFXYDXQAKE,https://gamma-requester.mturk.com/workers/A6ZLFXYDXQAKE,1,1,100.00%,0,0,0.00%,0,0,0.00%,,,,,,,,,,,,,,,,,1,,,,,,,,,,,,,,,,,,,,,,Never Blocked,,
2311,A6ZWMPYCMBT0Y,https://gamma-requester.mturk.com/workers/A6ZWMPYCMBT0Y,1,1,100.00%,0,0,0.00%,0,0,0.00%,1,,,,,,,,,,,,,,,,100,,,,,,,,0,,0,,,,,,1,,,,,,Never Blocked,,
2312,A708LKWZUX6N0,https://gamma-requester.mturk.com/workers/A708LKWZUX6N0,1,1,100.00%,0,0,0.00%,0,0,0.00%,1,,,,,,,,,,,,,,,,100,,,,,,,,0,,0,,,,,,1,,,,,,Never Blocked,,
2313,A712NEKM3UGDV,https://gamma-requester.mturk.com/workers/A712NEKM3UGDV,1,1,100.00%,0,0,0.00%,0,0,0.00%,1,,,,,,,,,,,,,,,,100,,,,,,,,0,,0,,,,,,1,,,,,,Never Blocked,,
2314,A71NZTTHS4AMB,https://gamma-requester.mturk.com/workers/A71NZTTHS4AMB,1,1,100.00%,0,0,0.00%,0,0,0.00%,1,,,,,,,,,,,,,,,,100,,,,,,,,0,,0,,,,,,,,,,,,Never Blocked,,
2315,A7204W9E8IR1R,https://gamma-requester.mturk.com/workers/A7204W9E8IR1R,1,1,100.00%,0,0,0.00%,0,0,0.00%,1,,,,,,,,,,,,,,,,100,,,,,,,,0,,0,,,,,,,,,,,,Never Blocked,,
2316,A72YC75DZ8OLE,https://gamma-requester.mturk.com/workers/A72YC75DZ8OLE,1,1,100.00%,0,0,0.00%,0,0,0.00%,,,,,,,,,,,,,,,,,,,,,,,,,,,,,,,,,,,1,,,,Never Blocked,,
2317,A73YY1K2QI8P4,https://gamma-requester.mturk.com/workers/A73YY1K2QI8P4,1,1,100.00%,0,0,0.00%,0,0,0.00%,1,,,,,,,,,,,,,,,,100,,,,,,,,0,,0,,,,,,,,,,1,,Never Blocked,,
2318,A748N8WFG2HR4,https://gamma-requester.mturk.com/workers/A748N8WFG2HR4,1,1,100.00%,0,0,0.00%,0,0,0.00%,1,,,,,,,,,,,,,,,,100,,,,,,,,0,,0,,,,,,,,,,1,,Never Blocked,,
2319,A767BXORH3Z7K,https://gamma-requester.mturk.com/workers/A767BXORH3Z7K,1,1,100.00%,0,0,0.00%,0,0,0.00%,1,,,,,,,,,,,,,,,,100,,,,,,,,0,,0,,,,,,,,,,1,,Never Blocked,,
2320,A7ARLVESOUAOL,https://gamma-requester.mturk.com/workers/A7ARLVESOUAOL,5,5,100.00%,0,0,0.00%,0,0,0.00%,1,,,,,,,,,,,,,,,,100,,,,,,,,1,,1,,1,,1,,1,,,,,,Never Blocked,,
2321,A7C6O7C42HU7Q,https://gamma-requester.mturk.com/workers/A7C6O7C42HU7Q,3,3,100.00%,0,0,0.00%,0,0,0.00%,1,,,,,,,,,,,,,,,,100,,,,,,,,0,,0,,1,,1,,1,,,,,,Never Blocked,,
2322,A7D8ZNKH2E12F,https://gamma-requester.mturk.com/workers/A7D8ZNKH2E12F,5,5,100.00%,0,0,0.00%,0,0,0.00%,1,,,,,,,,,,,,,,,,100,,,,,,,,1,,1,,1,,1,,1,,,,,,Never Blocked,,
2323,A7KQP4VVA7DVE,https://gamma-requester.mturk.com/workers/A7KQP4VVA7DVE,1,1,100.00%,0,0,0.00%,0,0,0.00%,1,,,,,,,,,,,,,,,,100,,,,,,,,0,,0,,,,,,1,,,,,,Never Blocked,,
2324,A7L5FHBFIVN0T,https://gamma-requester.mturk.com/workers/A7L5FHBFIVN0T,1,1,100.00%,0,0,0.00%,0,0,0.00%,1,,,,,,,,,,,,,,,,100,,,,,,,,0,,0,,,,,,,,,,1,,Never Blocked,,
2325,A7OZPNXIVO1FX,https://gamma-requester.mturk.com/workers/A7OZPNXIVO1FX,1,1,100.00%,0,0,0.00%,0,0,0.00%,1,,,,,,,,,,,,,,,,100,,,,,,,,0,,0,,,,,,,,,,1,,Never Blocked,,
2326,A7P3R1AIA4TVV,https://gamma-requester.mturk.com/workers/A7P3R1AIA4TVV,1,1,100.00%,0,0,0.00%,0,0,0.00%,1,,,,,,,,,,,,,,,,100,,,,,,,,0,,0,,,,,,,,,,1,,Never Blocked,,
2327,A7QCGGPU4RRKT,https://gamma-requester.mturk.com/workers/A7QCGGPU4RRKT,1,1,100.00%,0,0,0.00%,0,0,0.00%,1,,,,,,,,,,,,,,,,100,,,,,,,,0,,0,,,,,,,,,,1,,Never Blocked,,
2328,A7RAG7N2Q9YHK,https://gamma-requester.mturk.com/workers/A7RAG7N2Q9YHK,0,0,0.00%,0,0,0.00%,0,0,0.00%,,,,,,,,,,,,,,1,,,,,,,,,,,,,,,,,,,,,,,,,Never Blocked,,
2329,A7RFFVAR7SANB,https://gamma-requester.mturk.com/workers/A7RFFVAR7SANB,1,1,100.00%,0,0,0.00%,0,0,0.00%,,,,,,,,,,,,,,,1,,,,,,,,1,,,,,,,,,,,,,,,,Never Blocked,,
2330,A7S7C95RL129F,https://gamma-requester.mturk.com/workers/A7S7C95RL129F,1,1,100.00%,0,0,0.00%,0,0,0.00%,,,,,,,,,,,,,,,,,1,,,,,,,,,,,,,,,,,,,,,,Never Blocked,,
2331,A7VA2Y4H6U31O,https://gamma-requester.mturk.com/workers/A7VA2Y4H6U31O,4,4,100.00%,0,0,0.00%,0,0,0.00%,,,,,,,,,,,1,,,,,,1,,,,1,,,,,,,,,,,,,,1,,,,Never Blocked,,
2332,A7XLY2PXX96KI,https://gamma-requester.mturk.com/workers/A7XLY2PXX96KI,0,0,0.00%,0,0,0.00%,0,0,0.00%,,,,,,,,,,,,,,,,,,,,,,,,,,,,,,,,,,,,,,,Never Blocked,,
2333,A7YTEG9XC8IQ0,https://gamma-requester.mturk.com/workers/A7YTEG9XC8IQ0,1,1,100.00%,0,0,0.00%,0,0,0.00%,,,,,,,,,,,,,,,,,,,,,,,,,,,,,,,,,,,1,,,,Never Blocked,,
2334,A8028AFBBS29G,https://gamma-requester.mturk.com/workers/A8028AFBBS29G,1,1,100.00%,0,0,0.00%,0,0,0.00%,1,,,,,,,,,,,,,,,,100,,,,,,,,0,,0,,,,,,,,,,1,,Never Blocked,,
2335,A80SO9MBRFPYE,https://gamma-requester.mturk.com/workers/A80SO9MBRFPYE,1,1,100.00%,0,0,0.00%,0,0,0.00%,1,,,,,,,,,,,,,,,,100,,,,,,,,0,,0,,,,,,,,,,1,,Never Blocked,,
2336,A85NRZR9RYCUS,https://gamma-requester.mturk.com/workers/A85NRZR9RYCUS,1,1,100.00%,0,0,0.00%,0,0,0.00%,1,,,,,,,,,,,,,,,,100,,,,,,,,0,,0,,,,,,1,,,,,,Never Blocked,,
2337,A87D3K9YVKTQ7,https://gamma-requester.mturk.com/workers/A87D3K9YVKTQ7,1,1,100.00%,0,0,0.00%,0,0,0.00%,,,,,,,,,,,,,,,,,1,,,,,,,,,,,,,,,,,,,,,,Never Blocked,,
2338,A87PV9R9JDDYK,https://gamma-requester.mturk.com/workers/A87PV9R9JDDYK,1,1,100.00%,0,0,0.00%,0,0,0.00%,1,,,,,,,,,,,,,,1,,100,,,,,,,,0,,0,,,,,,,,,,,,Never Blocked,,
2339,A88RBIQEK5OFT,https://gamma-requester.mturk.com/workers/A88RBIQEK5OFT,1,1,100.00%,0,0,0.00%,0,0,0.00%,1,,,,,,,,,,,,,,,,100,,,,,,,,0,,0,,,,,,,,,,1,,Never Blocked,,
2340,A8AEFZTMDVN0Z,https://gamma-requester.mturk.com/workers/A8AEFZTMDVN0Z,2,1,50.00%,0,0,0.00%,0,0,0.00%,,,,,,,1,,,,,,,,,,,,,,,,,,,,,,,,,,,,1,,,,Never Blocked,,
2341,A8B41DKV45LO7,https://gamma-requester.mturk.com/workers/A8B41DKV45LO7,1,1,100.00%,0,0,0.00%,0,0,0.00%,,,,,,,,,,,,,,,,,,,,,,,,,,,,,,,,,,,,,,,Never Blocked,,
2342,A8C3WNWRBWUXO,https://gamma-requester.mturk.com/workers/A8C3WNWRBWUXO,5,5,100.00%,0,0,0.00%,0,0,0.00%,,,,,,,1,,,,1,,,1,1,,1,,,,,,1,,,,,,,,,,,,1,,,,Never Blocked,,
2343,A8GD33ZJ1SAA5,https://gamma-requester.mturk.com/workers/A8GD33ZJ1SAA5,2,2,100.00%,0,0,0.00%,0,0,0.00%,1,,,,,,,,,,,,,,,,100,,,,,,,,0,,0,,,,1,,1,,,,,,Never Blocked,,
2344,A8GOBUKMAFES6,https://gamma-requester.mturk.com/workers/A8GOBUKMAFES6,1,1,100.00%,1,1,100.00%,0,0,0.00%,,,,,,,,,,,,,1,,,,,,,,,,,,,,,,,,,,,,,,,,Never Blocked,,
2345,A8J7DDQHGHJKP,https://gamma-requester.mturk.com/workers/A8J7DDQHGHJKP,1,1,100.00%,0,0,0.00%,0,0,0.00%,1,,,,,,,,,,,,,,,,100,,,,,,,,0,,0,,,,,,,,,,,,Never Blocked,,
2346,A8K19FZIUU2TE,https://gamma-requester.mturk.com/workers/A8K19FZIUU2TE,1,1,100.00%,0,0,0.00%,0,0,0.00%,,,,,,,,,,,,,,,,,100,,,,,,,,,,,,,,,,,,,,,,Never Blocked,,
2347,A8RDXT4ZILHQT,https://gamma-requester.mturk.com/workers/A8RDXT4ZILHQT,1,1,100.00%,0,0,0.00%,0,0,0.00%,1,,,,,,,,,,,,,,,,100,,,,,,,,0,,0,,,,,,,,,,1,,Never Blocked,,
2348,A8SYEU005PXD3,https://gamma-requester.mturk.com/workers/A8SYEU005PXD3,2,2,100.00%,0,0,0.00%,0,0,0.00%,1,,,,,,,,,,,,,,,,100,,,,,,,,0,,0,,,,1,,1,,,,,,Never Blocked,,
2349,A8T1U0FM0PPWL,https://gamma-requester.mturk.com/workers/A8T1U0FM0PPWL,2,1,50.00%,0,0,0.00%,0,0,0.00%,,,,,,,,,,,1,,,,,,1,,,,,,,,,,,,,,,,,,,,,,Never Blocked,,
2350,A8ZUM922CBH6S,https://gamma-requester.mturk.com/workers/A8ZUM922CBH6S,5,5,100.00%,0,0,0.00%,0,0,0.00%,1,,,,,,,,,,,,,,,,100,,,,,,,,1,,1,,1,,1,,1,,,,,,Never Blocked,,
2351,A90B6DGZNL6OY,https://gamma-requester.mturk.com/workers/A90B6DGZNL6OY,1,1,100.00%,0,0,0.00%,0,0,0.00%,1,,,,,,,,,,,,,,,,100,,,,,,,,0,,0,,,,,,,,,,,,Never Blocked,,
2352,A90G0G4SJ26BM,https://gamma-requester.mturk.com/workers/A90G0G4SJ26BM,1,1,100.00%,0,0,0.00%,0,0,0.00%,1,,,,,,,,,,,,,,,,100,,,,,,,,0,,0,,,,,,,,,,1,,Never Blocked,,
2353,A92EMN1CW9PD7,https://gamma-requester.mturk.com/workers/A92EMN1CW9PD7,1,1,100.00%,0,0,0.00%,0,0,0.00%,,,,,,,,,,,,,,,,,,,,,,,,,,,,,,,,,,,,,,,Never Blocked,,
2354,A946RQK8JIZM5,https://gamma-requester.mturk.com/workers/A946RQK8JIZM5,3,3,100.00%,0,0,0.00%,0,0,0.00%,1,,,,,,,,,,,,,,,,100,,,,,,,,0,,0,,1,,1,,1,,,,,,Never Blocked,,
2355,A9500TJQDB94E,https://gamma-requester.mturk.com/workers/A9500TJQDB94E,3,3,100.00%,0,0,0.00%,0,0,0.00%,,,,,,,1,,,,,,,,,,1,,,,,,,,,,,,,,,,,,,,,,Never Blocked,,
2356,A95ZDB92HQPQP,https://gamma-requester.mturk.com/workers/A95ZDB92HQPQP,1,1,100.00%,0,0,0.00%,0,0,0.00%,1,,,,,,,,,,,,,,,,100,,,,,,,,0,,0,,,,,,,,,,,,Never Blocked,,
2357,A96BTHCCC3B6T,https://gamma-requester.mturk.com/workers/A96BTHCCC3B6T,1,1,100.00%,0,0,0.00%,0,0,0.00%,,,,,,,,,,,,,,,1,,,,,,,,1,,,,,,,,,,,,,,,,Never Blocked,,
2358,A96TDNBSXG3NJ,https://gamma-requester.mturk.com/workers/A96TDNBSXG3NJ,5,5,100.00%,1,1,100.00%,0,0,0.00%,,,,,,,,,,,,,1,,1,,1,,,,,,1,,,,,,,,,,,,,,,,Never Blocked,,
2359,A98E8M4QLI9RS,https://gamma-requester.mturk.com/workers/A98E8M4QLI9RS,2,2,100.00%,0,0,0.00%,0,0,0.00%,,,,,,,,,1,,,,,,,,1,,,,,,,,,,,,,,,,,,,,,,Never Blocked,,
2360,A9EQ4FWCUQVBL,https://gamma-requester.mturk.com/workers/A9EQ4FWCUQVBL,1,1,100.00%,0,0,0.00%,0,0,0.00%,1,,,,,,,,,,,,,,,,100,,,,,,,,0,,0,,,,,,,,,,,,Never Blocked,,
2361,A9HQ3E0F2AGVO,https://gamma-requester.mturk.com/workers/A9HQ3E0F2AGVO,3,3,100.00%,0,0,0.00%,0,0,0.00%,1,,,,,,,,,,,,,,1,,100,,,,,,1,,0,,0,,,,,,,,,,1,,Never Blocked,,
2362,A9IP3T3T4GUH1,https://gamma-requester.mturk.com/workers/A9IP3T3T4GUH1,2,2,100.00%,0,0,0.00%,0,0,0.00%,,,,,,,,,1,,,,,,,,1,,,,,,,,,,,,,,,,,,,,,,Never Blocked,,
2363,A9J137SYUK46F,https://gamma-requester.mturk.com/workers/A9J137SYUK46F,1,1,100.00%,0,0,0.00%,0,0,0.00%,1,,,,,,,,,,,,,,,,100,,,,,,,,0,,0,,,,,,,,,,1,,Never Blocked,,
2364,A9K43JFO379YG,https://gamma-requester.mturk.com/workers/A9K43JFO379YG,1,1,100.00%,0,0,0.00%,0,0,0.00%,1,,,,,,,,,,,,,,,,100,,,,,,,,0,,0,,,,,,1,,,,,,Never Blocked,,
2365,A9LSEP71DNP4O,https://gamma-requester.mturk.com/workers/A9LSEP71DNP4O,3,3,100.00%,0,0,0.00%,0,0,0.00%,,,,,,,,,,,,,,,,,,,,,1,,,,,,,,,,,,,,,,,,Never Blocked,,
2366,A9MGD6PRW1N7K,https://gamma-requester.mturk.com/workers/A9MGD6PRW1N7K,1,1,100.00%,0,0,0.00%,0,0,0.00%,1,,,,,,,,,,,,,,,,100,,,,,,,,0,,0,,,,,,,,,,,,Never Blocked,,
2367,A9MQVN158943C,https://gamma-requester.mturk.com/workers/A9MQVN158943C,1,1,100.00%,0,0,0.00%,0,0,0.00%,1,,,,,,,,,,,,,,,,100,,,,,,,,0,,0,,,,,,,,,,,,Never Blocked,,
2368,A9ORJQWL53QJL,https://gamma-requester.mturk.com/workers/A9ORJQWL53QJL,2,2,100.00%,0,0,0.00%,0,0,0.00%,,,,,,,,,1,,,,,,,,1,,,,,,,,,,,,,,,,,,,,,,Never Blocked,,
2369,A9V0V2HY30WNG,https://gamma-requester.mturk.com/workers/A9V0V2HY30WNG,1,1,100.00%,0,0,0.00%,0,0,0.00%,1,,,,,,,,,,,,,,,,100,,,,,,,,0,,0,,,,,,,,,,1,,Never Blocked,,
2370,A9VK6DKXQWNVB,https://gamma-requester.mturk.com/workers/A9VK6DKXQWNVB,1,1,100.00%,0,0,0.00%,0,0,0.00%,1,,,,,,,,,,,,,,,,100,,,,,,,,0,,0,,,,,,1,,,,,,Never Blocked,,
2371,A9YPM325MKYLO,https://gamma-requester.mturk.com/workers/A9YPM325MKYLO,2,2,100.00%,0,0,0.00%,0,0,0.00%,,,,,,,,,,,,,,,,,,,,,1,,,,,,,,,,,,,,1,,,,Never Blocked,,
2372,A9ZCY6FLUCIU1,https://gamma-requester.mturk.com/workers/A9ZCY6FLUCIU1,1,1,100.00%,0,0,0.00%,0,0,0.00%,1,,,,,,,,,,,,,,,,100,,,,,,,,0,,0,,,,,,1,,,,,,Never Blocked,,
2373,AA1YHCRYA2CF,https://gamma-requester.mturk.com/workers/AA1YHCRYA2CF,1,0,0.00%,0,0,0.00%,0,0,0.00%,,,,,,,,,1,,,,,,1,,1,,,,,,,,,,,,,,,,,,,,,,Never Blocked,,
2374,AA4O2W236E3FW,https://gamma-requester.mturk.com/workers/AA4O2W236E3FW,4,4,100.00%,0,0,0.00%,0,0,0.00%,1,,,,,,,,,,,,,,,,100,,,,,,,,0,,1,,1,,1,,1,,,,,,Never Blocked,,
2375,AA5ZDXAA2DLY1,https://gamma-requester.mturk.com/workers/AA5ZDXAA2DLY1,1,1,100.00%,0,0,0.00%,0,0,0.00%,1,,,,,,,,,,,,,,,,100,,,,,,,,0,,0,,,,,,,,,,1,,Never Blocked,,
2376,AA78WIVJF6H7V,https://gamma-requester.mturk.com/workers/AA78WIVJF6H7V,1,1,100.00%,0,0,0.00%,0,0,0.00%,1,,,,,,,,,,,,,,,,100,,,,,,,,0,,0,,,,,,,,,,,,Never Blocked,,
2377,AAC9DJ81ZXUE7,https://gamma-requester.mturk.com/workers/AAC9DJ81ZXUE7,1,1,100.00%,0,0,0.00%,0,0,0.00%,1,,,,,,,,,,,,,,,,100,,,,,,,,0,,0,,,,,,1,,,,,,Never Blocked,,
2378,AADLOWWS4OAG,https://gamma-requester.mturk.com/workers/AADLOWWS4OAG,1,1,100.00%,0,0,0.00%,0,0,0.00%,1,,,,,,,,,,,,,,,,100,,,,,,,,0,,0,,,,,,,,,,,,Never Blocked,,
2379,AADRZTXSE7211,https://gamma-requester.mturk.com/workers/AADRZTXSE7211,1,1,100.00%,0,0,0.00%,0,0,0.00%,1,,,,,,,,,,,,,,,,100,,,,,,,,0,,0,,,,,,,,,,,,Never Blocked,,
2380,AAF1SJ9FCBF75,https://gamma-requester.mturk.com/workers/AAF1SJ9FCBF75,2,2,100.00%,0,0,0.00%,0,0,0.00%,,,,,,,,,,,,,,,,,,,,,1,,,,,,,,,,,,,,1,,,,Never Blocked,,
2381,AAFM5PPF9P0W,https://gamma-requester.mturk.com/workers/AAFM5PPF9P0W,1,1,100.00%,0,0,0.00%,0,0,0.00%,1,,,,,,,,,,,,,,,,100,,,,,,,,0,,0,,,,,,1,,,,,,Never Blocked,,
2382,AAGBW25TZVAX7,https://gamma-requester.mturk.com/workers/AAGBW25TZVAX7,3,3,100.00%,0,0,0.00%,0,0,0.00%,1,,,,,,,,,,,,,,,,100,,,,,,,,0,,0,,1,,1,,1,,,,,,Never Blocked,,
2383,AAGENOEV955DM,https://gamma-requester.mturk.com/workers/AAGENOEV955DM,3,3,100.00%,0,0,0.00%,0,0,0.00%,,,,,,,,,,,1,,,,,,1,,,,,,,,,,,,,,,,,,,,,,Never Blocked,,
2384,AAKBYJD64R6K,https://gamma-requester.mturk.com/workers/AAKBYJD64R6K,2,2,100.00%,0,0,0.00%,0,0,0.00%,1,,,,,,,,,,,,,,,,100,,,,,,,,0,,0,,,,1,,1,,,,,,Never Blocked,,
2385,AAKM4NKUIQIZW,https://gamma-requester.mturk.com/workers/AAKM4NKUIQIZW,1,1,100.00%,0,0,0.00%,0,0,0.00%,1,,,,,,,,,,,,,,,,100,,,,,,,,0,,0,,,,,,1,,,,,,Never Blocked,,
2386,AAOYROFYRP1UM,https://gamma-requester.mturk.com/workers/AAOYROFYRP1UM,1,0,0.00%,0,0,0.00%,0,0,0.00%,,,,,,,,,,,,,,,,,,,,,,,,,,,,,,,,,,,1,,,,Never Blocked,,
2387,AAPVJFYLS6D4D,https://gamma-requester.mturk.com/workers/AAPVJFYLS6D4D,2,2,100.00%,0,0,0.00%,0,0,0.00%,,,,,,,,,,,1,,,,,,1,,,,,,,,,,,,,,,,,,,,,,Never Blocked,,
2388,AAQ3D3R3L5AC7,https://gamma-requester.mturk.com/workers/AAQ3D3R3L5AC7,1,1,100.00%,0,0,0.00%,0,0,0.00%,1,,,,,,,,,,,,,,,,100,,,,,,,,0,,0,,,,,,,,,,,,Never Blocked,,
2389,AAQWMSZ2VLP40,https://gamma-requester.mturk.com/workers/AAQWMSZ2VLP40,1,1,100.00%,0,0,0.00%,0,0,0.00%,1,,,,,,,,,,,,,,,,100,,,,,,,,0,,0,,,,,,,,,,1,,Never Blocked,,
2390,AAS1C668N0E9K,https://gamma-requester.mturk.com/workers/AAS1C668N0E9K,1,1,100.00%,0,0,0.00%,0,0,0.00%,1,,,,,,,,,,,,,,,,100,,,,,,,,0,,0,,,,,,1,,,,,,Never Blocked,,
2391,AAUE4IKTZSXNW,https://gamma-requester.mturk.com/workers/AAUE4IKTZSXNW,1,1,100.00%,1,1,100.00%,0,0,0.00%,,,,,,,,,,,,,1,,,,,,,,,,,,,,,,,,,,,,,,,,Never Blocked,,
2392,AAZNLKG9ZCL1N,https://gamma-requester.mturk.com/workers/AAZNLKG9ZCL1N,1,1,100.00%,0,0,0.00%,0,0,0.00%,,,,,,,,,,,,,,,,,,,,,,,,,,,,,,,,,,,1,,,,Never Blocked,,
2393,AB09F0Q4T10TE,https://gamma-requester.mturk.com/workers/AB09F0Q4T10TE,1,1,100.00%,0,0,0.00%,0,0,0.00%,,,,,,,,,,,,,,,,,,,,,,,,,,,,,,,,,,,,,,,Never Blocked,,
2394,AB1UHU4WQ9HFT,https://gamma-requester.mturk.com/workers/AB1UHU4WQ9HFT,2,2,100.00%,0,0,0.00%,0,0,0.00%,,,,,,,,,,,1,,,,,,1,,,,,,,,,,,,,,,,,,,,,,Never Blocked,,
2395,AB2K602H365DB,https://gamma-requester.mturk.com/workers/AB2K602H365DB,1,1,100.00%,0,0,0.00%,0,0,0.00%,1,,,,,,,,,,,,,,,,100,,,,,,,,0,,0,,,,,,,,,,1,,Never Blocked,,
2396,AB3920J1HAG7C,https://gamma-requester.mturk.com/workers/AB3920J1HAG7C,2,2,100.00%,0,0,0.00%,0,0,0.00%,,,,,,,,,,,,,,,,,,,,,1,,,,,,,,,,,,,,,,,,Never Blocked,,
2397,AB6L60HXUNORT,https://gamma-requester.mturk.com/workers/AB6L60HXUNORT,3,3,100.00%,0,0,0.00%,0,0,0.00%,,,,,,,,,,,1,,,,1,,1,,,,,,,,,,,,,,,,,,,,,,Never Blocked,,
2398,AB8XECKH1JO8P,https://gamma-requester.mturk.com/workers/AB8XECKH1JO8P,2,2,100.00%,1,1,100.00%,0,0,0.00%,,,,,,,,,1,,,,1,,,,1,,,,,,,,,,,,,,,,,,,,,,Never Blocked,,
2399,ABAQFHSIFY91S,https://gamma-requester.mturk.com/workers/ABAQFHSIFY91S,1,1,100.00%,0,0,0.00%,0,0,0.00%,,,,,,,1,,,,,,,,,,,,,,,,,,,,,,,,,,,,1,,,,Never Blocked,,
2400,ABDQNBWD8LAQI,https://gamma-requester.mturk.com/workers/ABDQNBWD8LAQI,0,0,0.00%,0,0,0.00%,0,0,0.00%,,,,,,,,,,,,,,1,,,,,,,,,,,,,,,,,,,,,,,,,Never Blocked,,
2401,ABF5ENVB19SC4,https://gamma-requester.mturk.com/workers/ABF5ENVB19SC4,1,1,100.00%,0,0,0.00%,0,0,0.00%,1,,,,,,,,,,,,,,,,100,,,,,,,,0,,0,,,,,,,,,,1,,Never Blocked,,
2402,ABICECSTT3MWF,https://gamma-requester.mturk.com/workers/ABICECSTT3MWF,1,1,100.00%,0,0,0.00%,0,0,0.00%,,,,,,,,,,,,,,,,,1,,,,,,,,,,,,,,,,,,,,,,Never Blocked,,
2403,ABL0JE2X6AZGG,https://gamma-requester.mturk.com/workers/ABL0JE2X6AZGG,1,1,100.00%,0,0,0.00%,0,0,0.00%,1,,,,,,,,,,,,,,,,100,,,,,,,,0,,0,,,,,,,,,,1,,Never Blocked,,
2404,ABLOSK9Z6ULBL,https://gamma-requester.mturk.com/workers/ABLOSK9Z6ULBL,1,1,100.00%,0,0,0.00%,0,0,0.00%,,,,,,,,,,,,,,,1,,,,,,,,,,,,,,,,,,,,,,,,Never Blocked,,
2405,ABN8CVZBMH8BM,https://gamma-requester.mturk.com/workers/ABN8CVZBMH8BM,4,4,100.00%,0,0,0.00%,0,0,0.00%,1,,,,,,,,,,,,,,,,100,,,,,,,,0,,0,,1,,1,,1,,,,,,Never Blocked,,
2406,ABO9F0JD9NN54,https://gamma-requester.mturk.com/workers/ABO9F0JD9NN54,3,3,100.00%,0,0,0.00%,0,0,0.00%,1,,,,,,,,,,,,,,,,100,,,,,,,,0,,0,,1,,1,,1,,,,,,Never Blocked,,
2407,ABSZ9GQJ812CA,https://gamma-requester.mturk.com/workers/ABSZ9GQJ812CA,1,1,100.00%,0,0,0.00%,0,0,0.00%,1,,,,,,,,,,,,,,,,100,,,,,,,,0,,0,,,,,,1,,,,,,Never Blocked,,
2408,ABV359QT1HYRO,https://gamma-requester.mturk.com/workers/ABV359QT1HYRO,1,1,100.00%,1,1,100.00%,0,0,0.00%,,,,,,,,,,,,,1,,,,,,,,,,,,,,,,,,,,,,,,,,Never Blocked,,
2409,ABVBYS63BZWZ6,https://gamma-requester.mturk.com/workers/ABVBYS63BZWZ6,2,2,100.00%,0,0,0.00%,0,0,0.00%,,,,,,,1,,,,,,,,,,,,,,,,,,,,,,,,,,,,1,,,,Never Blocked,,
2410,ABVSR4GA6S3U3,https://gamma-requester.mturk.com/workers/ABVSR4GA6S3U3,1,1,100.00%,0,0,0.00%,0,0,0.00%,,,,,,,,,,,,,,,,,,,,,,,,,,,,,,,,,,,,,,,Never Blocked,,
2411,AC01SVLHOB6HN,https://gamma-requester.mturk.com/workers/AC01SVLHOB6HN,2,2,100.00%,0,0,0.00%,0,0,0.00%,,,,,,,,,,,,,,,1,,,,,,,,1,,,,,,,,,,,,,,,,Never Blocked,,
2412,AC3HE0PCSBP41,https://gamma-requester.mturk.com/workers/AC3HE0PCSBP41,0,0,0.00%,0,0,0.00%,0,0,0.00%,,,,,,,,,,,,,,1,,,,,,,,,,,,,,,,,,,,,,,,,Never Blocked,,
2413,AC46AX2ODIGWD,https://gamma-requester.mturk.com/workers/AC46AX2ODIGWD,1,1,100.00%,0,0,0.00%,0,0,0.00%,1,,,,,,,,,,,,,,,,100,,,,,,,,0,,0,,,,,,,,,,,,Never Blocked,,
2414,AC4I7XU10MQXK,https://gamma-requester.mturk.com/workers/AC4I7XU10MQXK,0,0,0.00%,0,0,0.00%,0,0,0.00%,,,,,,,,,,,,,,1,,,,,,,,,,,,,,,,,,,,,,,,,Never Blocked,,
2415,AC592K8284Z3H,https://gamma-requester.mturk.com/workers/AC592K8284Z3H,1,1,100.00%,0,0,0.00%,0,0,0.00%,,,,,,,,,,,,,,,1,,,,,,,,,,,,,,,,,,,,,,,,Never Blocked,,
2416,AC5PVOOS79W2B,https://gamma-requester.mturk.com/workers/AC5PVOOS79W2B,1,1,100.00%,0,0,0.00%,0,0,0.00%,,,,,,,,,,,,,,,,,,,,,,,,,,,,,,,,,,,,,,,Never Blocked,,
2417,AC7CDW53I98JT,https://gamma-requester.mturk.com/workers/AC7CDW53I98JT,2,2,100.00%,0,0,0.00%,0,0,0.00%,,,,,,,,,,,1,,,,,,1,,,,,,,,,,,,,,,,,,,,,,Never Blocked,,
2418,AC95JAUAM2L2Z,https://gamma-requester.mturk.com/workers/AC95JAUAM2L2Z,1,1,100.00%,0,0,0.00%,0,0,0.00%,1,,,,,,,,,,,,,,,,100,,,,,,,,0,,0,,,,,,,,,,,,Never Blocked,,
2419,AC9BR5OXALJAH,https://gamma-requester.mturk.com/workers/AC9BR5OXALJAH,4,4,100.00%,0,0,0.00%,0,0,0.00%,1,,,,,,,,,,,,,,,,100,,,,,,,,0,,1,,1,,1,,1,,,,,,Never Blocked,,
2420,ACAJTU82FFYKL,https://gamma-requester.mturk.com/workers/ACAJTU82FFYKL,2,2,100.00%,0,0,0.00%,0,0,0.00%,1,,,,,,,,,,,,,,,,100,,,,,,,,0,,0,,,,,,1,,,,,,Never Blocked,,
2421,ACBJT0XMRHGYJ,https://gamma-requester.mturk.com/workers/ACBJT0XMRHGYJ,1,1,100.00%,0,0,0.00%,0,0,0.00%,1,,,,,,,,,,,,,,,,100,,,,,,,,0,,0,,,,,,,,,,,,Never Blocked,,
2422,ACBPSLPGDTGEZ,https://gamma-requester.mturk.com/workers/ACBPSLPGDTGEZ,1,1,100.00%,0,0,0.00%,0,0,0.00%,1,,,,,,,,,,,,,,,,100,,,,,,,,0,,0,,,,,,,,,,,,Never Blocked,,
2423,ACD400BAWY7QC,https://gamma-requester.mturk.com/workers/ACD400BAWY7QC,1,1,100.00%,0,0,0.00%,0,0,0.00%,1,,,,,,,,,,,,,,,,100,,,,,,,,0,,0,,,,,,,,,,,,Never Blocked,,
2424,ACGGIBC0P38HU,https://gamma-requester.mturk.com/workers/ACGGIBC0P38HU,2,2,100.00%,0,0,0.00%,0,0,0.00%,,,,,,,,,,,,,,,,,,,,,1,,,,,,,,,,,,,,1,,,,Never Blocked,,
2425,ACKG8OU1KHKO2,https://gamma-requester.mturk.com/workers/ACKG8OU1KHKO2,1,1,100.00%,0,0,0.00%,0,0,0.00%,1,,,,,,,,,,,,,,,,100,,,,,,,,0,,0,,,,,,,,,,1,,Never Blocked,,
2426,ACMUK4WVEMEXV,https://gamma-requester.mturk.com/workers/ACMUK4WVEMEXV,1,1,100.00%,0,0,0.00%,0,0,0.00%,,,,,,,,,,,,,,,,,,,,,,,,,,,,,,,,,,,,,,,Never Blocked,,
2427,ACNQDKXV6Z7DD,https://gamma-requester.mturk.com/workers/ACNQDKXV6Z7DD,2,2,100.00%,0,0,0.00%,0,0,0.00%,,,,,,,,,,,,,,1,,,100,,,,,,,,,,,,,,,,,,,,,,Never Blocked,,
2428,ACQFVUOP54AXB,https://gamma-requester.mturk.com/workers/ACQFVUOP54AXB,1,1,100.00%,0,0,0.00%,0,0,0.00%,1,,,,,,,,,,,,,,,,100,,,,,,,,0,,0,,,,,,,,,,,,Never Blocked,,
2429,ACR6012D868PP,https://gamma-requester.mturk.com/workers/ACR6012D868PP,2,2,100.00%,0,0,0.00%,0,0,0.00%,,,,,,,,,,,,,,,,,100,,,,,,,,,,,,,,,,,,,,,,Never Blocked,,
2430,ACSS93E03ZUGX,https://gamma-requester.mturk.com/workers/ACSS93E03ZUGX,1,1,100.00%,0,0,0.00%,0,0,0.00%,1,,,,,,,,,,,,,,,,100,,,,,,,,0,,0,,,,,,1,,,,,,Never Blocked,,
2431,ACSTXAKT08156,https://gamma-requester.mturk.com/workers/ACSTXAKT08156,0,0,0.00%,0,0,0.00%,0,0,0.00%,,,,,,,,,,,,,,1,,,,,,,,,,,,,,,,,,,,,,,,,Never Blocked,,
2432,ACSXBBR43VBQG,https://gamma-requester.mturk.com/workers/ACSXBBR43VBQG,1,1,100.00%,0,0,0.00%,0,0,0.00%,1,,,,,,,,,,,,,,,,100,,,,,,,,0,,0,,,,,,,,,,,,Never Blocked,,
2433,ACUK17I51KVXF,https://gamma-requester.mturk.com/workers/ACUK17I51KVXF,1,1,100.00%,0,0,0.00%,0,0,0.00%,,,,,,,,,,,,,,,,,,,,,,,,,,,,,,,,,,,,,,,Never Blocked,,
2434,ACW4O8CBAIAWM,https://gamma-requester.mturk.com/workers/ACW4O8CBAIAWM,1,1,100.00%,0,0,0.00%,0,0,0.00%,1,,,,,,,,,,,,,,,,100,,,,,,,,0,,0,,,,,,,,,,,,Never Blocked,,
2435,ACX6PW2PNRT2C,https://gamma-requester.mturk.com/workers/ACX6PW2PNRT2C,1,1,100.00%,0,0,0.00%,0,0,0.00%,1,,,,,,,,,,,,,,,,100,,,,,,,,0,,0,,,,,,1,,,,,,Never Blocked,,
2436,ACXP8KHFX06KR,https://gamma-requester.mturk.com/workers/ACXP8KHFX06KR,1,1,100.00%,0,0,0.00%,0,0,0.00%,1,,,,,,,,,,,,,,,,100,,,,,,,,0,,0,,,,,,,,,,1,,Never Blocked,,
2437,ACXPNVY0QDNHR,https://gamma-requester.mturk.com/workers/ACXPNVY0QDNHR,2,2,100.00%,0,0,0.00%,0,0,0.00%,,,,,,,,,,,,,,,,,100,,,,,,,,,,,,,,,,,,,,,,Never Blocked,,
2438,ACZD2UE1OEWNS,https://gamma-requester.mturk.com/workers/ACZD2UE1OEWNS,1,1,100.00%,0,0,0.00%,0,0,0.00%,1,,,,,,,,,,,,,,,,100,,,,,,,,0,,0,,,,,,,,,,,,Never Blocked,,
2439,AD0KOGRQZG4AL,https://gamma-requester.mturk.com/workers/AD0KOGRQZG4AL,1,1,100.00%,0,0,0.00%,0,0,0.00%,,,,,,,,,,,,,,,,,,,,,,,,,,,,,,,,,,,,,,,Never Blocked,,
2440,AD0WW5V58J7CV,https://gamma-requester.mturk.com/workers/AD0WW5V58J7CV,0,0,0.00%,0,0,0.00%,0,0,0.00%,,,,,,,,,,,,,,1,,,,,,,,,,,,,,,,,,,,,,,,,Never Blocked,,
2441,AD75IYA9OIIQF,https://gamma-requester.mturk.com/workers/AD75IYA9OIIQF,4,4,100.00%,0,0,0.00%,0,0,0.00%,1,,,,,,,,,,,,,,,,100,,,,,,,,0,,1,,1,,1,,1,,,,,,Never Blocked,,
2442,AD9UZ3XGESASI,https://gamma-requester.mturk.com/workers/AD9UZ3XGESASI,1,1,100.00%,0,0,0.00%,0,0,0.00%,,,,,,,,,,,,,,,1,,,,,,,,,,,,,,,,,,,,,,,,Never Blocked,,
2443,ADAQIHMKC6NVC,https://gamma-requester.mturk.com/workers/ADAQIHMKC6NVC,2,2,100.00%,0,0,0.00%,0,0,0.00%,1,,,,,,,,,,,,,,,,100,,,,,,,,0,,0,,,,,,,,,,,,Never Blocked,,
2444,ADI9WQP6XAJR,https://gamma-requester.mturk.com/workers/ADI9WQP6XAJR,1,1,100.00%,0,0,0.00%,0,0,0.00%,1,,,,,,,,,,,,,,,,100,,,,,,,,0,,0,,,,,,,,,,,,Never Blocked,,
2445,ADIQVRWT6PTXQ,https://gamma-requester.mturk.com/workers/ADIQVRWT6PTXQ,1,1,100.00%,0,0,0.00%,0,0,0.00%,1,,,,,,,,,,,,,,,,100,,,,,,,,0,,0,,,,,,,,,,,,Never Blocked,,
2446,ADJ9I7ZBFYFH7,https://gamma-requester.mturk.com/workers/ADJ9I7ZBFYFH7,1,1,100.00%,0,0,0.00%,0,0,0.00%,1,,,,,,,,,,,,,,,,100,,,,,,,,0,,0,,,,,,,,,,1,,Never Blocked,,
2447,ADJSQPKNLMJDZ,https://gamma-requester.mturk.com/workers/ADJSQPKNLMJDZ,1,1,100.00%,0,0,0.00%,0,0,0.00%,1,,,,,,,,,,,,,,,,100,,,,,,,,0,,0,,,,,,,,,,1,,Never Blocked,,
2448,ADKYBMRKXK815,https://gamma-requester.mturk.com/workers/ADKYBMRKXK815,1,1,100.00%,0,0,0.00%,0,0,0.00%,1,,,,,,,,,,,,,,,,100,,,,,,,,0,,0,,,,,,,,,,1,,Never Blocked,,
2449,ADNZW2B8WEZ0Z,https://gamma-requester.mturk.com/workers/ADNZW2B8WEZ0Z,1,1,100.00%,0,0,0.00%,0,0,0.00%,,,,,,,,,,,,,,,,,,,,,,,,,,,,,,,,,,,,,,,Never Blocked,,
2450,ADOI3VM937MDU,https://gamma-requester.mturk.com/workers/ADOI3VM937MDU,0,0,0.00%,0,0,0.00%,0,0,0.00%,,,,,,,,,,,,,,1,,,,,,,,,,,,,,,,,,,,,,,,,Never Blocked,,
2451,ADP3FQJ88ATS0,https://gamma-requester.mturk.com/workers/ADP3FQJ88ATS0,1,1,100.00%,0,0,0.00%,0,0,0.00%,,,,,,,,,,,,,,,,,,,,,,,,,,,,,,,,,,,,,,,Never Blocked,,
2452,ADQR7OB5E0YQW,https://gamma-requester.mturk.com/workers/ADQR7OB5E0YQW,1,1,100.00%,0,0,0.00%,0,0,0.00%,,,,,,,,,,,,,,,,,,,,,,,,,,,,,,,,,,,,,,,Never Blocked,,
2453,ADSE5DWH4OPXX,https://gamma-requester.mturk.com/workers/ADSE5DWH4OPXX,1,1,100.00%,0,0,0.00%,0,0,0.00%,,,,,,,,,,,,,,,,,,,,,,,,,,,,,,,,,,,,,,,Never Blocked,,
2454,ADY44EV3GCW85,https://gamma-requester.mturk.com/workers/ADY44EV3GCW85,5,5,100.00%,0,0,0.00%,0,0,0.00%,1,,,,,,,,,,,,,,,,100,,,,,,,,1,,1,,1,,1,,1,,,,,,Never Blocked,,
2455,AE0Q863L0ZKX6,https://gamma-requester.mturk.com/workers/AE0Q863L0ZKX6,0,0,0.00%,0,0,0.00%,0,0,0.00%,,,,,,,,,,,,,,1,,,,,,,,,,,,,,,,,,,,,,,,,Never Blocked,,
2456,AE2VPQ86DH4W5,https://gamma-requester.mturk.com/workers/AE2VPQ86DH4W5,1,1,100.00%,0,0,0.00%,0,0,0.00%,,,,,,,,,,,,,,,,,100,,,,,,,,,,,,,,,,,,,,,,Never Blocked,,
2457,AE33JO53WTHZQ,https://gamma-requester.mturk.com/workers/AE33JO53WTHZQ,3,3,100.00%,0,0,0.00%,0,0,0.00%,,,,,,,,,1,,,,,,,,1,,,,1,,,,,,,,,,,,,,,,,,Never Blocked,,
2458,AE3GUAQKXSNQ4,https://gamma-requester.mturk.com/workers/AE3GUAQKXSNQ4,1,1,100.00%,0,0,0.00%,0,0,0.00%,,,,,,,,,,,,,,,,,100,,,,,,,,,,,,,,,,,,,,,,Never Blocked,,
2459,AE63GABJL0FGJ,https://gamma-requester.mturk.com/workers/AE63GABJL0FGJ,1,1,100.00%,0,0,0.00%,0,0,0.00%,1,,,,,,,,,,,,,,,,100,,,,,,,,0,,0,,,,,,,,,,,,Never Blocked,,
2460,AE9IF50JTAL1M,https://gamma-requester.mturk.com/workers/AE9IF50JTAL1M,1,0,0.00%,0,0,0.00%,0,0,0.00%,1,,,,,,,,,,,,,,,,100,,,,,,,,0,,0,,,,,,,,,,1,,Never Blocked,,
2461,AE9KNJZWDCDSE,https://gamma-requester.mturk.com/workers/AE9KNJZWDCDSE,1,1,100.00%,0,0,0.00%,0,0,0.00%,,,,,,,,,,,,,,,,,1,,,,,,,,,,,,,,,,,,,,,,Never Blocked,,
2462,AE9S1W5HR2LRL,https://gamma-requester.mturk.com/workers/AE9S1W5HR2LRL,1,1,100.00%,0,0,0.00%,0,0,0.00%,,,,,,,,,,,,,,,1,,,,,,,,,,,,,,,,,,,,,,,,Never Blocked,,
2463,AEF74ZYJTTEIA,https://gamma-requester.mturk.com/workers/AEF74ZYJTTEIA,1,1,100.00%,0,0,0.00%,0,0,0.00%,1,,,,,,,,,,,,,,,,100,,,,,,,,0,,0,,,,,,,,,,1,,Never Blocked,,
2464,AEK2SAEL9GG39,https://gamma-requester.mturk.com/workers/AEK2SAEL9GG39,3,3,100.00%,0,0,0.00%,0,0,0.00%,,,,,,,,,,,,,,,1,,,,,,,,1,,,,,,,,,,,,,,,,Never Blocked,,
2465,AENE0ASEDKQB3,https://gamma-requester.mturk.com/workers/AENE0ASEDKQB3,2,2,100.00%,0,0,0.00%,0,0,0.00%,1,,,,,,,,,,,,,,,,100,,,,,,,,0,,0,,,,1,,1,,,,,,Never Blocked,,
2466,AEQ6KLNVTRKKR,https://gamma-requester.mturk.com/workers/AEQ6KLNVTRKKR,1,1,100.00%,0,0,0.00%,0,0,0.00%,1,,,,,,,,,,,,,,,,100,,,,,,,,0,,0,,,,,,,,,,1,,Never Blocked,,
2467,AERUGBNS48Z4N,https://gamma-requester.mturk.com/workers/AERUGBNS48Z4N,2,2,100.00%,0,0,0.00%,0,0,0.00%,1,,,,,,,,,,,,,,,,100,,,,,,,,0,,0,,,,1,,1,,,,,,Never Blocked,,
2468,AEUN2TG8Z14MY,https://gamma-requester.mturk.com/workers/AEUN2TG8Z14MY,2,1,50.00%,0,0,0.00%,0,0,0.00%,1,,,,,,,,,,,,,,,,100,,,,,,,,0,,0,,,,,,,,,,,,Never Blocked,,
2469,AEW0U822BST2P,https://gamma-requester.mturk.com/workers/AEW0U822BST2P,1,1,100.00%,0,0,0.00%,0,0,0.00%,1,,,,,,,,,,,,,,,,100,,,,,,,,0,,0,,,,,,,,,,,,Never Blocked,,
2470,AEZSDZ4PS9CAC,https://gamma-requester.mturk.com/workers/AEZSDZ4PS9CAC,5,5,100.00%,0,0,0.00%,0,0,0.00%,1,,,,,,,,,,,,,,,,100,,,,,,,,1,,1,,1,,1,,1,,,,,,Never Blocked,,
2471,AF3DRX40CNHZR,https://gamma-requester.mturk.com/workers/AF3DRX40CNHZR,1,1,100.00%,0,0,0.00%,0,0,0.00%,1,,,,,,,,,,,,,,,,100,,,,,,,,0,,0,,,,,,,,,,1,,Never Blocked,,
2472,AF5OWSHSLLTD1,https://gamma-requester.mturk.com/workers/AF5OWSHSLLTD1,2,2,100.00%,0,0,0.00%,0,0,0.00%,,,,,,,,,,,,,,,1,,,,,,,,1,,,,,,,,,,,,,,,,Never Blocked,,
2473,AF62Q8YFXX5DL,https://gamma-requester.mturk.com/workers/AF62Q8YFXX5DL,1,1,100.00%,0,0,0.00%,0,0,0.00%,,,,,,,,,,,,,,,,,1,,,,,,,,,,,,,,,,,,,,,,Never Blocked,,
2474,AF6DVGK1GTFER,https://gamma-requester.mturk.com/workers/AF6DVGK1GTFER,2,2,100.00%,0,0,0.00%,0,0,0.00%,,,,,,,,,,,,,,,1,,,,,,,,1,,,,,,,,,,,,,,,,Never Blocked,,
2475,AF6OFCID04GG2,https://gamma-requester.mturk.com/workers/AF6OFCID04GG2,1,1,100.00%,0,0,0.00%,0,0,0.00%,,,,,,,,,,,,,,,,,1,,,,,,,,,,,,,,,,,,,,,,Never Blocked,,
2476,AF7GW6XC07DO0,https://gamma-requester.mturk.com/workers/AF7GW6XC07DO0,5,5,100.00%,0,0,0.00%,0,0,0.00%,1,,,,,,,,,,,,,,,,100,,,,,,,,1,,1,,1,,1,,1,,,,,,Never Blocked,,
2477,AFDC9A6Z60W2Z,https://gamma-requester.mturk.com/workers/AFDC9A6Z60W2Z,1,1,100.00%,0,0,0.00%,0,0,0.00%,1,,,,,,,,,,,,,,,,100,,,,,,,,0,,0,,,,,,,,,,1,,Never Blocked,,
2478,AFET5KYTUA4TY,https://gamma-requester.mturk.com/workers/AFET5KYTUA4TY,2,2,100.00%,0,0,0.00%,0,0,0.00%,,,,,,,,,,,,,,,1,,,,,,,,1,,,,,,,,,,,,,,,,Never Blocked,,
2479,AFFG9L9ZD9LUU,https://gamma-requester.mturk.com/workers/AFFG9L9ZD9LUU,1,1,100.00%,0,0,0.00%,0,0,0.00%,,,,,,,,,,,,,,,1,,1,,,,,,,,,,,,,,,,,,,,,,Never Blocked,,
2480,AFFXVHHBUWW4D,https://gamma-requester.mturk.com/workers/AFFXVHHBUWW4D,2,2,100.00%,0,0,0.00%,0,0,0.00%,,,,,,,,,,,1,,,,,,1,,,,,,,,,,,,,,,,,,,,,,Never Blocked,,
2481,AFHD81VGCBAUJ,https://gamma-requester.mturk.com/workers/AFHD81VGCBAUJ,1,1,100.00%,0,0,0.00%,0,0,0.00%,1,,,,,,,,,,,,,,,,100,,,,,,,,0,,0,,,,,,1,,,,,,Never Blocked,,
2482,AFIK3VBMMX6G6,https://gamma-requester.mturk.com/workers/AFIK3VBMMX6G6,1,1,100.00%,0,0,0.00%,0,0,0.00%,1,,,,,,,,,,,,,,,,100,,,,,,,,0,,0,,,,,,1,,,,,,Never Blocked,,
2483,AFK6L3C1IUSJL,https://gamma-requester.mturk.com/workers/AFK6L3C1IUSJL,2,2,100.00%,0,0,0.00%,0,0,0.00%,1,,,,,,,,,,,,,,,,100,,,,,,,,0,,0,,,,,,1,,,,,,Never Blocked,,
2484,AFK9ALQK5GPNG,https://gamma-requester.mturk.com/workers/AFK9ALQK5GPNG,1,1,100.00%,0,0,0.00%,0,0,0.00%,,,,,,,,,,,,,,,,,1,,,,,,,,,,,,,,,,,,,,,,Never Blocked,,
2485,AFOEARBOY26DU,https://gamma-requester.mturk.com/workers/AFOEARBOY26DU,1,1,100.00%,1,1,100.00%,0,0,0.00%,,,,,,,,,,,,,1,,,,,,,,,,,,,,,,,,,,,,,,,,Never Blocked,,
2486,AFQ9V2USH4OHV,https://gamma-requester.mturk.com/workers/AFQ9V2USH4OHV,1,1,100.00%,0,0,0.00%,0,0,0.00%,1,,,,,,,,,,,,,,,,100,,,,,,,,0,,0,,,,,,,,,,,,Never Blocked,,
2487,AFT9JOHMU11KY,https://gamma-requester.mturk.com/workers/AFT9JOHMU11KY,1,1,100.00%,0,0,0.00%,0,0,0.00%,,,,,,,,,,,,,,,,,,,,,,,,,,,,,,,,,,,,,,,Never Blocked,,
2488,AFTSLCMJASJDR,https://gamma-requester.mturk.com/workers/AFTSLCMJASJDR,5,5,100.00%,0,0,0.00%,0,0,0.00%,1,,,,,,,,,,,,,,,,100,,,,,,,,1,,1,,1,,1,,1,,,,,,Never Blocked,,
2489,AFUODD7RP0JQO,https://gamma-requester.mturk.com/workers/AFUODD7RP0JQO,0,0,0.00%,0,0,0.00%,0,0,0.00%,,,,,,,,,,,,,,1,,,,,,,,,,,,,,,,,,,,,,,,,Never Blocked,,
2490,AFWJT2RB6Y4SZ,https://gamma-requester.mturk.com/workers/AFWJT2RB6Y4SZ,1,1,100.00%,0,0,0.00%,0,0,0.00%,1,,,,,,,,,,,,,,,,100,,,,,,,,0,,0,,,,,,,,,,,,Never Blocked,,
2491,AFXXRR3UKQPC6,https://gamma-requester.mturk.com/workers/AFXXRR3UKQPC6,1,1,100.00%,0,0,0.00%,0,0,0.00%,1,,,,,,,,,,,,,,,,100,,,,,,,,0,,0,,,,,,,,,,,,Never Blocked,,
2492,AFYIL9DFX6BFO,https://gamma-requester.mturk.com/workers/AFYIL9DFX6BFO,2,2,100.00%,0,0,0.00%,0,0,0.00%,,,,,,,,,1,,,,,,,,1,,,,,,,,,,,,,,,,,,,,,,Never Blocked,,
2493,AG053ALQ5ZNCU,https://gamma-requester.mturk.com/workers/AG053ALQ5ZNCU,2,2,100.00%,0,0,0.00%,0,0,0.00%,,,,,,,,,,,1,,,,,,1,,,,,,,,,,,,,,,,,,,,,,Never Blocked,,
2494,AG163HX91QGII,https://gamma-requester.mturk.com/workers/AG163HX91QGII,3,3,100.00%,0,0,0.00%,0,0,0.00%,1,,,,,,,,,,,,,,,,100,,,,,,,,0,,0,,1,,1,,1,,,,,,Never Blocked,,
2495,AG2YM9OWQP690,https://gamma-requester.mturk.com/workers/AG2YM9OWQP690,3,3,100.00%,0,0,0.00%,0,0,0.00%,1,,,,,,,,,,,,,,,,100,,,,,,,,0,,0,,1,,1,,1,,,,,,Never Blocked,,
2496,AG491SO5WFQ8X,https://gamma-requester.mturk.com/workers/AG491SO5WFQ8X,1,1,100.00%,0,0,0.00%,0,0,0.00%,1,,,,,,,,,,,,,,,,100,,,,,,,,0,,0,,,,,,,,,,,,Never Blocked,,
2497,AG62J8MOAACK3,https://gamma-requester.mturk.com/workers/AG62J8MOAACK3,1,1,100.00%,0,0,0.00%,0,0,0.00%,,,,,,,,,,,,,,,,,100,,,,,,,,,,,,,,,,,,,,,,Never Blocked,,
2498,AG6D3UICVGUUR,https://gamma-requester.mturk.com/workers/AG6D3UICVGUUR,3,3,100.00%,0,0,0.00%,0,0,0.00%,1,,,,,,,,,,,,,,,,100,,,,,,,,0,,0,,1,,1,,1,,,,,,Never Blocked,,
2499,AG9LMLEPXP2YC,https://gamma-requester.mturk.com/workers/AG9LMLEPXP2YC,1,1,100.00%,0,0,0.00%,0,0,0.00%,,,,,,,,,,,,,,,,,,,,,,,,,,,,,,,,,,,,,,,Never Blocked,,
2500,AGA1PIIWM8I8D,https://gamma-requester.mturk.com/workers/AGA1PIIWM8I8D,1,1,100.00%,0,0,0.00%,0,0,0.00%,1,,,,,,,,,,,,,,,,100,,,,,,,,0,,0,,,,,,,,,,1,,Never Blocked,,
2501,AGAF4OJP26B53,https://gamma-requester.mturk.com/workers/AGAF4OJP26B53,1,1,100.00%,0,0,0.00%,0,0,0.00%,,,,,,,,,,,,,,,,,,,,,,,,,,,,,,,,,,,,,,,Never Blocked,,
2502,AGB6853RIDWJ8,https://gamma-requester.mturk.com/workers/AGB6853RIDWJ8,1,1,100.00%,0,0,0.00%,0,0,0.00%,,,,,,,,,,,,,,,,,,,,,,,,,,,,,,,,,,,,,,,Never Blocked,,
2503,AGBQCJKRL8EIB,https://gamma-requester.mturk.com/workers/AGBQCJKRL8EIB,1,1,100.00%,0,0,0.00%,0,0,0.00%,1,,,,,,,,,,,,,,,,100,,,,,,,,0,,0,,,,,,,,,,1,,Never Blocked,,
2504,AGC307XG0RIR4,https://gamma-requester.mturk.com/workers/AGC307XG0RIR4,1,1,100.00%,0,0,0.00%,0,0,0.00%,1,,,,,,,,,,,,,,,,100,,,,,,,,0,,0,,,,,,,,,,1,,Never Blocked,,
2505,AGILQEFEPEK7N,https://gamma-requester.mturk.com/workers/AGILQEFEPEK7N,1,1,100.00%,0,0,0.00%,0,0,0.00%,,,,,,,,,,,,,,,,,,,,,,,,,,,,,,,,,,,,,,,Never Blocked,,
2506,AGLWKMJ2C0JA9,https://gamma-requester.mturk.com/workers/AGLWKMJ2C0JA9,1,0,0.00%,0,0,0.00%,0,0,0.00%,1,,,,,,,,,,,,,,,,100,,,,,,,,0,,0,,,,,,,,,,,,Never Blocked,,
2507,AGOBQY50VQ7VX,https://gamma-requester.mturk.com/workers/AGOBQY50VQ7VX,1,1,100.00%,0,0,0.00%,0,0,0.00%,,,,,,,,,,,,,,,1,,,,,,,,,,,,,,,,,,,,,,,,Never Blocked,,
2508,AGQOILWFLQ8MF,https://gamma-requester.mturk.com/workers/AGQOILWFLQ8MF,1,1,100.00%,0,0,0.00%,0,0,0.00%,1,,,,,,,,,,,,,,,,100,,,,,,,,0,,0,,,,,,1,,,,,,Never Blocked,,
2509,AGRKG3YT3KMD8,https://gamma-requester.mturk.com/workers/AGRKG3YT3KMD8,1,1,100.00%,0,0,0.00%,0,0,0.00%,1,,,,,,,,,,,,,,,,100,,,,,,,,0,,0,,,,,,,,,,1,,Never Blocked,,
2510,AGSTNWHT8ECY1,https://gamma-requester.mturk.com/workers/AGSTNWHT8ECY1,4,4,100.00%,0,0,0.00%,0,0,0.00%,1,,,,,,,,,,,,,,,,100,,,,,,,,0,,1,,1,,1,,1,,,,,,Never Blocked,,
2511,AGZ3QJFK1BR8V,https://gamma-requester.mturk.com/workers/AGZ3QJFK1BR8V,2,2,100.00%,0,0,0.00%,0,0,0.00%,,,,,,,,,,,,,,,,,,,,,1,,,,,,,,,,,,,,1,,,,Never Blocked,,
2512,AGZMOKYKPXN8X,https://gamma-requester.mturk.com/workers/AGZMOKYKPXN8X,1,1,100.00%,0,0,0.00%,0,0,0.00%,,,,,,,,,,,,,,,,,,,,,,,,,,,,,,,,,,,1,,,,Never Blocked,,
2513,AH00EJ6PK1H3A,https://gamma-requester.mturk.com/workers/AH00EJ6PK1H3A,1,1,100.00%,0,0,0.00%,0,0,0.00%,1,,,,,,,,,,,,,,,,100,,,,,,,,0,,0,,,,,,,,,,,,Never Blocked,,
2514,AH11KAGW5PNN8,https://gamma-requester.mturk.com/workers/AH11KAGW5PNN8,5,5,100.00%,0,0,0.00%,0,0,0.00%,1,,,,,,,,,,,,,,,,100,,,,,,,,1,,1,,1,,1,,1,,,,,,Never Blocked,,
2515,AH37GTH8P051T,https://gamma-requester.mturk.com/workers/AH37GTH8P051T,1,1,100.00%,0,0,0.00%,0,0,0.00%,1,,,,,,,,,,,,,,,,100,,,,,,,,0,,0,,,,,,1,,,,,,Never Blocked,,
2516,AH76Q73GSD7ET,https://gamma-requester.mturk.com/workers/AH76Q73GSD7ET,0,0,0.00%,0,0,0.00%,0,0,0.00%,,,,,,,,,,,,,,1,,,,,,,,,,,,,,,,,,,,,,,,,Never Blocked,,
2517,AH7I3K3OJKA5L,https://gamma-requester.mturk.com/workers/AH7I3K3OJKA5L,3,3,100.00%,0,0,0.00%,0,0,0.00%,1,,,,,,,,,,,,,,,,100,,,,,,,,0,,0,,1,,1,,1,,,,,,Never Blocked,,
2518,AH7Z2M3KSQ4DW,https://gamma-requester.mturk.com/workers/AH7Z2M3KSQ4DW,3,3,100.00%,0,0,0.00%,0,0,0.00%,,,,,,,,,,,,,,,1,,100,,,,,,1,,,,,,,,,,,,1,,,,Never Blocked,,
2519,AHCIG4A3FXE6Q,https://gamma-requester.mturk.com/workers/AHCIG4A3FXE6Q,1,1,100.00%,0,0,0.00%,0,0,0.00%,,,,,,,,,,,,,,,,,100,,,,,,,,,,,,,,,,,,,,,,Never Blocked,,
2520,AHEV3HZNQPO5S,https://gamma-requester.mturk.com/workers/AHEV3HZNQPO5S,1,1,100.00%,0,0,0.00%,0,0,0.00%,1,,,,,,,,,,,,,,,,100,,,,,,,,0,,0,,,,,,,,,,,,Never Blocked,,
2521,AHGAVSKDQXCWM,https://gamma-requester.mturk.com/workers/AHGAVSKDQXCWM,1,1,100.00%,0,0,0.00%,0,0,0.00%,1,,,,,,,,,,,,,,,,100,,,,,,,,0,,0,,,,,,,,,,,,Never Blocked,,
2522,AHGPUJ9DX7VKQ,https://gamma-requester.mturk.com/workers/AHGPUJ9DX7VKQ,1,1,100.00%,0,0,0.00%,0,0,0.00%,1,,,,,,,,,,,,,,,,100,,,,,,,,0,,0,,,,,,1,,,,,,Never Blocked,,
2523,AHIEGG1CIF8HI,https://gamma-requester.mturk.com/workers/AHIEGG1CIF8HI,1,1,100.00%,0,0,0.00%,0,0,0.00%,,,,,,,,,1,,,,,,,,1,,,,,,,,,,,,,,,,,,,,,,Never Blocked,,
2524,AHOH2I76HDDZM,https://gamma-requester.mturk.com/workers/AHOH2I76HDDZM,1,1,100.00%,0,0,0.00%,0,0,0.00%,,,,,,,,,,,,,,,,,1,,,,,,,,,,,,,,,,,,,,,,Never Blocked,,
2525,AHOIRQ9W0YMER,https://gamma-requester.mturk.com/workers/AHOIRQ9W0YMER,1,1,100.00%,0,0,0.00%,0,0,0.00%,1,,,,,,,,,,,,,,,,100,,,,,,,,0,,0,,,,,,,,,,1,,Never Blocked,,
2526,AHQ1CS51G68VT,https://gamma-requester.mturk.com/workers/AHQ1CS51G68VT,4,4,100.00%,0,0,0.00%,0,0,0.00%,1,,,,,,,,,,,,,,,,100,,,,,,,,0,,0,,1,,1,,1,,,,,,Never Blocked,,
2527,AHV4U78TUUDKI,https://gamma-requester.mturk.com/workers/AHV4U78TUUDKI,1,1,100.00%,0,0,0.00%,0,0,0.00%,1,,,,,,,,,,,,,,,,100,,,,,,,,0,,0,,,,,,1,,,,,,Never Blocked,,
2528,AHXDKQOG8YHLP,https://gamma-requester.mturk.com/workers/AHXDKQOG8YHLP,5,5,100.00%,0,0,0.00%,0,0,0.00%,1,,,,,,,,,,,,,,,,100,,,,,,,,1,,1,,1,,1,,1,,,,,,Never Blocked,,
2529,AHXQCR64E5GUE,https://gamma-requester.mturk.com/workers/AHXQCR64E5GUE,2,2,100.00%,0,0,0.00%,0,0,0.00%,,,,,,,,,,,1,,,,,,1,,,,,,,,,,,,,,,,,,1,,,,Never Blocked,,
2530,AHYTT3T8W9Y9Y,https://gamma-requester.mturk.com/workers/AHYTT3T8W9Y9Y,1,1,100.00%,0,0,0.00%,0,0,0.00%,1,,,,,,,,,,,,,,,,100,,,,,,,,0,,0,,,,,,,,,,1,,Never Blocked,,
2531,AHZ5YRRIRTLJG,https://gamma-requester.mturk.com/workers/AHZ5YRRIRTLJG,2,2,100.00%,0,0,0.00%,0,0,0.00%,1,,,,,,,,,,,,,,,,100,,,,,,,,0,,0,,,,1,,1,,,,,,Never Blocked,,
2532,AHZ7C7ETHYX3N,https://gamma-requester.mturk.com/workers/AHZ7C7ETHYX3N,1,1,100.00%,0,0,0.00%,0,0,0.00%,,,,,,,,,,,,,,,,,1,,,,,,,,,,,,,,,,,,,,,,Never Blocked,,
2533,AHZP05WVFXXCG,https://gamma-requester.mturk.com/workers/AHZP05WVFXXCG,1,1,100.00%,0,0,0.00%,0,0,0.00%,,,,,,,,,,,,,,,,,1,,,,,,,,,,,,,,,,,,,,,,Never Blocked,,
2534,AI4AO0O0WIJF7,https://gamma-requester.mturk.com/workers/AI4AO0O0WIJF7,1,1,100.00%,0,0,0.00%,0,0,0.00%,1,,,,,,,,,,,,,,,,100,,,,,,,,0,,0,,,,,,1,,,,,,Never Blocked,,
2535,AI6TD8PM938FQ,https://gamma-requester.mturk.com/workers/AI6TD8PM938FQ,1,1,100.00%,0,0,0.00%,0,0,0.00%,1,,,,,,,,,,,,,,,,100,,,,,,,,0,,0,,,,,,,,,,,,Never Blocked,,
2536,AIB8QLWO1TVS,https://gamma-requester.mturk.com/workers/AIB8QLWO1TVS,1,1,100.00%,0,0,0.00%,0,0,0.00%,,,,,,,,,,,,,,,,,100,,,,,,,,,,,,,,,,,,,,,,Never Blocked,,
2537,AIBCMU8FWNMVZ,https://gamma-requester.mturk.com/workers/AIBCMU8FWNMVZ,1,1,100.00%,0,0,0.00%,0,0,0.00%,1,,,,,,,,,,,,,,,,100,,,,,,,,0,,0,,,,,,,,,,1,,Never Blocked,,
2538,AICGHPPLV9D35,https://gamma-requester.mturk.com/workers/AICGHPPLV9D35,0,0,0.00%,0,0,0.00%,0,0,0.00%,,,,,,,,,,,,,,1,,,,,,,,,,,,,,,,,,,,,,,,,Never Blocked,,
2539,AIEGSXYADFGQI,https://gamma-requester.mturk.com/workers/AIEGSXYADFGQI,1,1,100.00%,0,0,0.00%,0,0,0.00%,,,,,,,,,,,,,,,1,,,,,,,,1,,,,,,,,,,,,,,,,Never Blocked,,
2540,AIEKCWYZTS41V,https://gamma-requester.mturk.com/workers/AIEKCWYZTS41V,1,1,100.00%,0,0,0.00%,0,0,0.00%,,,,,,,,,,,,,,,1,,1,,,,,,,,,,,,,,,,,,,,,,Never Blocked,,
2541,AIFFZYRVZ4U8S,https://gamma-requester.mturk.com/workers/AIFFZYRVZ4U8S,1,1,100.00%,0,0,0.00%,0,0,0.00%,1,,,,,,,,,,,,,,,,100,,,,,,,,0,,0,,,,,,,,,,1,,Never Blocked,,
2542,AIHCZOO4BTPTJ,https://gamma-requester.mturk.com/workers/AIHCZOO4BTPTJ,5,5,100.00%,0,0,0.00%,0,0,0.00%,1,,,,,,,,,,,,,,,,100,,,,,,,,1,,1,,1,,1,,1,,,,,,Never Blocked,,
2543,AIHHRINW9IN1I,https://gamma-requester.mturk.com/workers/AIHHRINW9IN1I,1,1,100.00%,0,0,0.00%,0,0,0.00%,1,,,,,,,,,,,,,,1,,100,,,,,,,,0,,0,,,,,,,,,,1,,Never Blocked,,
2544,AIKGRONGYB038,https://gamma-requester.mturk.com/workers/AIKGRONGYB038,1,1,100.00%,0,0,0.00%,0,0,0.00%,1,,,,,,,,,,,,,,,,100,,,,,,,,0,,0,,,,,,,,,,,,Never Blocked,,
2545,AILDNTO2TWB4A,https://gamma-requester.mturk.com/workers/AILDNTO2TWB4A,1,1,100.00%,0,0,0.00%,0,0,0.00%,1,,,,,,,,,,,,,,,,100,,,,,,,,0,,0,,,,,,,,,,1,,Never Blocked,,
2546,AILT4SWETTAUL,https://gamma-requester.mturk.com/workers/AILT4SWETTAUL,1,1,100.00%,0,0,0.00%,0,0,0.00%,,,,,,,,,,,,,,,,,100,,,,,,,,,,,,,,,,,,,,,,Never Blocked,,
2547,AINCJJNTNUM5R,https://gamma-requester.mturk.com/workers/AINCJJNTNUM5R,1,1,100.00%,0,0,0.00%,0,0,0.00%,1,,,,,,,,,,,,,,,,100,,,,,,,,0,,0,,,,,,,,,,,,Never Blocked,,
2548,AITLKT4AA92LS,https://gamma-requester.mturk.com/workers/AITLKT4AA92LS,1,1,100.00%,0,0,0.00%,0,0,0.00%,,,,,,,,,,,,,,,,,,,,,,,,,,,,,,,,,,,,,,,Never Blocked,,
2549,AIUKV0KVALMY6,https://gamma-requester.mturk.com/workers/AIUKV0KVALMY6,1,1,100.00%,0,0,0.00%,0,0,0.00%,1,,,,,,,,,,,,,,,,100,,,,,,,,0,,0,,,,,,,,,,,,Never Blocked,,
2550,AIVOFCFMU5LGM,https://gamma-requester.mturk.com/workers/AIVOFCFMU5LGM,1,1,100.00%,0,0,0.00%,0,0,0.00%,1,,,,,,,,,,,,,,,,100,,,,,,,,0,,0,,,,,,,,,,1,,Never Blocked,,
2551,AIWF7Y9DD7HBB,https://gamma-requester.mturk.com/workers/AIWF7Y9DD7HBB,4,4,100.00%,0,0,0.00%,0,0,0.00%,1,,,,,,,,,,,,,,,,100,,,,,,,,0,,1,,1,,1,,1,,,,,,Never Blocked,,
2552,AIXO7JFFSBR5O,https://gamma-requester.mturk.com/workers/AIXO7JFFSBR5O,2,2,100.00%,0,0,0.00%,0,0,0.00%,,,,,,,,,,,,,,,,,1,,,,,,,,,,,,,,,,,,1,,,,Never Blocked,,
2553,AIYOMF8PJJLEQ,https://gamma-requester.mturk.com/workers/AIYOMF8PJJLEQ,1,1,100.00%,0,0,0.00%,0,0,0.00%,,,,,,,,,,,,,,,,,1,,,,,,,,,,,,,,,,,,,,,,Never Blocked,,
2554,AJ0IUCJ9UKE25,https://gamma-requester.mturk.com/workers/AJ0IUCJ9UKE25,1,1,100.00%,0,0,0.00%,0,0,0.00%,,,,,,,,,,,,,,,,,1,,,,,,,,,,,,,,,,,,,,,,Never Blocked,,
2555,AJ1MFJ2BULOVS,https://gamma-requester.mturk.com/workers/AJ1MFJ2BULOVS,4,4,100.00%,0,0,0.00%,0,0,0.00%,1,,,,,,,,,,,,,,,,100,,,,,,,,0,,1,,1,,1,,1,,,,,,Never Blocked,,
2556,AJ4T7PTRYNSUW,https://gamma-requester.mturk.com/workers/AJ4T7PTRYNSUW,2,2,100.00%,0,0,0.00%,0,0,0.00%,1,,,,,,,,,,,,,,,,100,,,,,,,,0,,0,,,,,,,,,,1,,Never Blocked,,
2557,AJ7LR555BEL3,https://gamma-requester.mturk.com/workers/AJ7LR555BEL3,1,1,100.00%,0,0,0.00%,0,0,0.00%,,,,,,,,,,,,,,,,,,,,,,,,,,,,,,,,,,,1,,,,Never Blocked,,
2558,AJBB72MM58BBY,https://gamma-requester.mturk.com/workers/AJBB72MM58BBY,1,1,100.00%,0,0,0.00%,0,0,0.00%,1,,,,,,,,,,,,,,,,100,,,,,,,,0,,0,,,,,,1,,,,,,Never Blocked,,
2559,AJCM5R7V5ASTF,https://gamma-requester.mturk.com/workers/AJCM5R7V5ASTF,1,1,100.00%,0,0,0.00%,0,0,0.00%,1,,,,,,,,,,,,,,,,100,,,,,,,,0,,0,,,,,,,,,,1,,Never Blocked,,
2560,AJDI6RGQ90YM3,https://gamma-requester.mturk.com/workers/AJDI6RGQ90YM3,1,1,100.00%,0,0,0.00%,0,0,0.00%,,,,,,,,,,,1,,,,,,1,,,,,,,,,,,,,,,,,,,,,,Never Blocked,,
2561,AJDXSXAWDDAEO,https://gamma-requester.mturk.com/workers/AJDXSXAWDDAEO,1,1,100.00%,0,0,0.00%,0,0,0.00%,1,,,,,,,,,,,,,,,,100,,,,,,,,0,,0,,,,,,,,,,1,,Never Blocked,,
2562,AJF954955YWZG,https://gamma-requester.mturk.com/workers/AJF954955YWZG,1,1,100.00%,0,0,0.00%,0,0,0.00%,,,,,,,,,,,1,,,,,,1,,,,,,,,,,,,,,,,,,,,,,Never Blocked,,
2563,AJFJ6VXZJKSXD,https://gamma-requester.mturk.com/workers/AJFJ6VXZJKSXD,1,1,100.00%,0,0,0.00%,0,0,0.00%,1,,,,,,,,,,,,,,,,100,,,,,,,,0,,0,,,,,,,,,,1,,Never Blocked,,
2564,AJFO6Q9JBD48Q,https://gamma-requester.mturk.com/workers/AJFO6Q9JBD48Q,1,1,100.00%,0,0,0.00%,0,0,0.00%,1,,,,,,,,,,,,,,,,100,,,,,,,,0,,0,,,,,,,,,,1,,Never Blocked,,
2565,AJGWB4QGPJ4ZM,https://gamma-requester.mturk.com/workers/AJGWB4QGPJ4ZM,1,1,100.00%,0,0,0.00%,0,0,0.00%,1,,,,,,,,,,,,,,,,100,,,,,,,,0,,0,,,,,,1,,,,,,Never Blocked,,
2566,AJIBKYHREAFYX,https://gamma-requester.mturk.com/workers/AJIBKYHREAFYX,1,1,100.00%,0,0,0.00%,0,0,0.00%,,,,,,,,,,,,,,,,,,,,,,,,,,,,,,,,,,,,,,,Never Blocked,,
2567,AJKB6GCZQNDUI,https://gamma-requester.mturk.com/workers/AJKB6GCZQNDUI,1,1,100.00%,0,0,0.00%,0,0,0.00%,1,,,,,,,,,,,,,,,,100,,,,,,,,0,,0,,,,,,,,,,1,,Never Blocked,,
2568,AJLWLN74AJRUF,https://gamma-requester.mturk.com/workers/AJLWLN74AJRUF,1,1,100.00%,0,0,0.00%,0,0,0.00%,1,,,,,,,,,,,,,,,,100,,,,,,,,0,,0,,,,,,,,,,1,,Never Blocked,,
2569,AJM4334V07JDQ,https://gamma-requester.mturk.com/workers/AJM4334V07JDQ,1,1,100.00%,0,0,0.00%,0,0,0.00%,1,,,,,,,,,,,,,,,,100,,,,,,,,0,,0,,,,,,,,,,1,,Never Blocked,,
2570,AJQ71YIGY01HZ,https://gamma-requester.mturk.com/workers/AJQ71YIGY01HZ,1,1,100.00%,1,1,100.00%,1,1,100.00%,,,,,,,,,,,,,1,,,,,,,,,,,,,,,,,,,,,,,,,,Never Blocked,,
2571,AJQGWGESKQT4Y,https://gamma-requester.mturk.com/workers/AJQGWGESKQT4Y,1,1,100.00%,0,0,0.00%,0,0,0.00%,1,,,,,,,,,,,,,,,,100,,,,,,,,0,,0,,,,,,,,,,,,Never Blocked,,
2572,AJRY9ALX8069Y,https://gamma-requester.mturk.com/workers/AJRY9ALX8069Y,1,1,100.00%,0,0,0.00%,0,0,0.00%,1,,,,,,,,,,,,,,,,100,,,,,,,,0,,0,,,,,,,,,,1,,Never Blocked,,
2573,AJT6QYZ30LU2L,https://gamma-requester.mturk.com/workers/AJT6QYZ30LU2L,1,1,100.00%,0,0,0.00%,0,0,0.00%,1,,,,,,,,,,,,,,,,100,,,,,,,,0,,0,,,,,,,,,,1,,Never Blocked,,
2574,AJT7C07A187KA,https://gamma-requester.mturk.com/workers/AJT7C07A187KA,4,4,100.00%,0,0,0.00%,0,0,0.00%,,,,,,,,,,,,,,,1,,100,,,,,,1,,,,,,,,,,,,,,,,Never Blocked,,
2575,AJTLLYV8O5FQU,https://gamma-requester.mturk.com/workers/AJTLLYV8O5FQU,4,4,100.00%,0,0,0.00%,0,0,0.00%,1,,,,,,,,,,,,,,,,100,,,,,,,,0,,1,,1,,1,,1,,,,,,Never Blocked,,
2576,AJY73B73U0TG6,https://gamma-requester.mturk.com/workers/AJY73B73U0TG6,1,1,100.00%,0,0,0.00%,0,0,0.00%,,,,,,,,,,,,,,,,,100,,,,,,,,,,,,,,,,,,,,,,Never Blocked,,
2577,AJZEXCH1TSUE1,https://gamma-requester.mturk.com/workers/AJZEXCH1TSUE1,1,1,100.00%,0,0,0.00%,0,0,0.00%,1,,,,,,,,,,,,,,,,100,,,,,,,,0,,0,,,,,,,,,,,,Never Blocked,,
2578,AJZRDVBZ6TKGH,https://gamma-requester.mturk.com/workers/AJZRDVBZ6TKGH,2,2,100.00%,0,0,0.00%,0,0,0.00%,,,,,,,,,,,1,,,,,,1,,,,,,,,,,,,,,,,,,,,,,Never Blocked,,
2579,AK1GE19RT3PK6,https://gamma-requester.mturk.com/workers/AK1GE19RT3PK6,5,5,100.00%,0,0,0.00%,0,0,0.00%,1,,,,,,,,,,,,,,,,100,,,,,,,,1,,1,,1,,1,,1,,,,,,Never Blocked,,
2580,AK21UZISRI0ZB,https://gamma-requester.mturk.com/workers/AK21UZISRI0ZB,1,1,100.00%,0,0,0.00%,0,0,0.00%,1,,,,,,,,,,,,,,,,100,,,,,,,,0,,0,,,,,,1,,,,,,Never Blocked,,
2581,AK2XJWYN3PF2V,https://gamma-requester.mturk.com/workers/AK2XJWYN3PF2V,1,1,100.00%,0,0,0.00%,0,0,0.00%,1,,,,,,,,,,,,,,,,100,,,,,,,,0,,0,,,,,,1,,,,,,Never Blocked,,
2582,AK3H5QRAROFGP,https://gamma-requester.mturk.com/workers/AK3H5QRAROFGP,1,1,100.00%,0,0,0.00%,0,0,0.00%,,,,,,,,,,,1,,,,,,1,,,,,,,,,,,,,,,,,,,,,,Never Blocked,,
2583,AK4WAT44YKU7J,https://gamma-requester.mturk.com/workers/AK4WAT44YKU7J,2,2,100.00%,0,0,0.00%,0,0,0.00%,,,,,,,,,1,,,,,,,,1,,,,,,,,,,,,,,,,,,,,,,Never Blocked,,
2584,AK52RXEJKR81A,https://gamma-requester.mturk.com/workers/AK52RXEJKR81A,2,2,100.00%,0,0,0.00%,0,0,0.00%,,,,,,,,,,,,,,,,,100,,,,,,,,,,,,,,,,,,,,,,Never Blocked,,
2585,AK77EA1UZ8KJG,https://gamma-requester.mturk.com/workers/AK77EA1UZ8KJG,1,1,100.00%,0,0,0.00%,0,0,0.00%,1,,,,,,,,,,,,,,,,100,,,,,,,,0,,0,,,,,,,,,,1,,Never Blocked,,
2586,AK7XRLA7FPKTL,https://gamma-requester.mturk.com/workers/AK7XRLA7FPKTL,1,1,100.00%,0,0,0.00%,0,0,0.00%,1,,,,,,,,,,,,,,,,100,,,,,,,,0,,0,,,,,,,,,,,,Never Blocked,,
2587,AK84D0JFR31KS,https://gamma-requester.mturk.com/workers/AK84D0JFR31KS,1,1,100.00%,1,1,100.00%,1,1,100.00%,,,,,,,,,,,,,1,1,,,,,,,,,,,,,,,,,,,,,,,,,Never Blocked,,
2588,AK8ONB60Q4RJ5,https://gamma-requester.mturk.com/workers/AK8ONB60Q4RJ5,2,2,100.00%,0,0,0.00%,0,0,0.00%,,,,,,,,,,,1,,,,,,1,,,,,,,,,,,,,,,,,,,,,,Never Blocked,,
2589,AK8Y8ATX10ZWQ,https://gamma-requester.mturk.com/workers/AK8Y8ATX10ZWQ,1,1,100.00%,0,0,0.00%,0,0,0.00%,1,,,,,,,,,,,,,,,,100,,,,,,,,0,,0,,,,,,,,,,1,,Never Blocked,,
2590,AKCAFGXSMNQOA,https://gamma-requester.mturk.com/workers/AKCAFGXSMNQOA,1,1,100.00%,0,0,0.00%,0,0,0.00%,1,,,,,,,,,,,,,,,,100,,,,,,,,0,,0,,,,,,,,,,,,Never Blocked,,
2591,AKD7US6T0MSDE,https://gamma-requester.mturk.com/workers/AKD7US6T0MSDE,1,1,100.00%,0,0,0.00%,0,0,0.00%,1,,,,,,,,,,,,,,,,100,,,,,,,,0,,0,,,,,,1,,,,,,Never Blocked,,
2592,AKDW1CODLYVYG,https://gamma-requester.mturk.com/workers/AKDW1CODLYVYG,2,2,100.00%,0,0,0.00%,0,0,0.00%,,,,,,,,,,,,,,,1,,,,,,,,1,,,,,,,,,,,,,,,,Never Blocked,,
2593,AKG7VBOY97HKA,https://gamma-requester.mturk.com/workers/AKG7VBOY97HKA,1,1,100.00%,0,0,0.00%,0,0,0.00%,1,,,,,,,,,,,,,,,,100,,,,,,,,0,,0,,,,,,1,,,,,,Never Blocked,,
2594,AKIT35WR8HEQ3,https://gamma-requester.mturk.com/workers/AKIT35WR8HEQ3,2,2,100.00%,0,0,0.00%,0,0,0.00%,,,,,,,,,,,1,,,,,,1,,,,,,,,,,,,,,,,,,,,,,Never Blocked,,
2595,AKKYKO5L8Y9NV,https://gamma-requester.mturk.com/workers/AKKYKO5L8Y9NV,1,1,100.00%,0,0,0.00%,0,0,0.00%,1,,,,,,,,,,,,,,,,100,,,,,,,,0,,0,,,,,,,,,,,,Never Blocked,,
2596,AKLG79EPGKTDP,https://gamma-requester.mturk.com/workers/AKLG79EPGKTDP,1,1,100.00%,0,0,0.00%,0,0,0.00%,1,,,,,,,,,,,,,,,,100,,,,,,,,0,,0,,,,,,,,,,1,,Never Blocked,,
2597,AKLV0WIZZ356X,https://gamma-requester.mturk.com/workers/AKLV0WIZZ356X,1,1,100.00%,0,0,0.00%,0,0,0.00%,1,,,,,,,,,,,,,,,,100,,,,,,,,0,,0,,,,,,,,,,,,Never Blocked,,
2598,AKMIORNF40ST7,https://gamma-requester.mturk.com/workers/AKMIORNF40ST7,2,2,100.00%,0,0,0.00%,0,0,0.00%,1,,,,,,,,,,,,,,,,100,,,,,,,,0,,0,,,,1,,1,,,,,,Never Blocked,,
2599,AKNLD4GWEGW4U,https://gamma-requester.mturk.com/workers/AKNLD4GWEGW4U,1,1,100.00%,0,0,0.00%,0,0,0.00%,1,,,,,,,,,,,,,,,,100,,,,,,,,0,,0,,,,,,,,,,,,Never Blocked,,
2600,AKNUBT0RBFIEN,https://gamma-requester.mturk.com/workers/AKNUBT0RBFIEN,1,1,100.00%,0,0,0.00%,0,0,0.00%,1,,,,,,,,,,,,,,,,100,,,,,,,,0,,0,,,,,,,,,,1,,Never Blocked,,
2601,AKNYT1NTK2UFK,https://gamma-requester.mturk.com/workers/AKNYT1NTK2UFK,1,1,100.00%,0,0,0.00%,0,0,0.00%,1,,,,,,,,,,,,,,,,100,,,,,,,,0,,0,,,,,,,,,,,,Never Blocked,,
2602,AKQAI78JTXXC9,https://gamma-requester.mturk.com/workers/AKQAI78JTXXC9,1,1,100.00%,0,0,0.00%,0,0,0.00%,1,,,,,,,,,,,,,,,,100,,,,,,,,0,,0,,,,,,,,,,1,,Never Blocked,,
2603,AKSF4WKQEINIS,https://gamma-requester.mturk.com/workers/AKSF4WKQEINIS,1,1,100.00%,0,0,0.00%,0,0,0.00%,1,,,,,,,,,,,,,,,,100,,,,,,,,0,,0,,,,,,,,,,1,,Never Blocked,,
2604,AKSQ73RWZ9428,https://gamma-requester.mturk.com/workers/AKSQ73RWZ9428,3,3,100.00%,0,0,0.00%,0,0,0.00%,1,,,,,,,,,,,,,,,,100,,,,,,,,0,,0,,1,,1,,1,,,,,,Never Blocked,,
2605,AKWAO862UBFU1,https://gamma-requester.mturk.com/workers/AKWAO862UBFU1,1,1,100.00%,0,0,0.00%,0,0,0.00%,,,,,,,,,,,,,,,,,1,,,,,,,,,,,,,,,,,,,,,,Never Blocked,,
2606,AKWM0TYF6WNH5,https://gamma-requester.mturk.com/workers/AKWM0TYF6WNH5,1,1,100.00%,0,0,0.00%,0,0,0.00%,,,,,,,,,,,,,,,,,100,,,,,,,,,,,,,,,,,,,,,,Never Blocked,,
2607,AKX9W0NF71OI7,https://gamma-requester.mturk.com/workers/AKX9W0NF71OI7,1,1,100.00%,0,0,0.00%,0,0,0.00%,1,,,,,,,,,,,,,,,,100,,,,,,,,0,,0,,,,,,,,,,1,,Never Blocked,,
2608,AKZ8SFOAI4RZN,https://gamma-requester.mturk.com/workers/AKZ8SFOAI4RZN,1,1,100.00%,0,0,0.00%,0,0,0.00%,1,,,,,,,,,,,,,,,,100,,,,,,,,0,,0,,,,,,,,,,1,,Never Blocked,,
2609,AKZUP3VY594E8,https://gamma-requester.mturk.com/workers/AKZUP3VY594E8,1,1,100.00%,0,0,0.00%,0,0,0.00%,1,,,,,,,,,,,,,,,,100,,,,,,,,0,,0,,,,,,,,,,,,Never Blocked,,
2610,AL113DDABUJQ0,https://gamma-requester.mturk.com/workers/AL113DDABUJQ0,1,0,0.00%,0,0,0.00%,0,0,0.00%,,,,,,,,,,,,,,,,,1,,,,,,,,,,,,,,,,,,,,,,Never Blocked,,
2611,AL59HC7UB4RT0,https://gamma-requester.mturk.com/workers/AL59HC7UB4RT0,1,1,100.00%,0,0,0.00%,0,0,0.00%,,,,,,,,,,,,,,,,,1,,,,,,,,,,,,,,,,,,,,,,Never Blocked,,
2612,AL84FSIS4UM1Q,https://gamma-requester.mturk.com/workers/AL84FSIS4UM1Q,2,2,100.00%,0,0,0.00%,0,0,0.00%,,,,,,,1,,,,,,,,,,,,,,,,,,,,,,,,,,,,1,,,,Never Blocked,,
2613,ALAD0NIVH2XMJ,https://gamma-requester.mturk.com/workers/ALAD0NIVH2XMJ,0,0,0.00%,0,0,0.00%,0,0,0.00%,,,,,,,,,,,,,,,,,,,,,,,,,,,,,,,,,,,,,,,Never Blocked,,
2614,ALCPF5NANBDSZ,https://gamma-requester.mturk.com/workers/ALCPF5NANBDSZ,2,2,100.00%,0,0,0.00%,0,0,0.00%,,,,,,,,,,,,,,,,,,,,,1,,,,,,,,,,,,,,,,,,Never Blocked,,
2615,ALDAL97WR0CYZ,https://gamma-requester.mturk.com/workers/ALDAL97WR0CYZ,1,1,100.00%,0,0,0.00%,0,0,0.00%,,,,,,,,,,,,,,,,,1,,,,,,,,,,,,,,,,,,,,,,Never Blocked,,
2616,ALDQRWYZ8KQ9A,https://gamma-requester.mturk.com/workers/ALDQRWYZ8KQ9A,5,5,100.00%,0,0,0.00%,0,0,0.00%,1,,,,,,,,,,,,,,,,100,,,,,,,,1,,1,,1,,1,,1,,,,,,Never Blocked,,
2617,ALEJV7D94ZLHF,https://gamma-requester.mturk.com/workers/ALEJV7D94ZLHF,1,1,100.00%,0,0,0.00%,0,0,0.00%,1,,,,,,,,,,,,,,,,100,,,,,,,,0,,0,,,,,,,,,,1,,Never Blocked,,
2618,ALELJ2E7LX48W,https://gamma-requester.mturk.com/workers/ALELJ2E7LX48W,1,1,100.00%,0,0,0.00%,0,0,0.00%,,,,,,,,,,,,,,,,,,,,,,,,,,,,,,,,,,,,,,,Never Blocked,,
2619,ALF9AAZGQP4K5,https://gamma-requester.mturk.com/workers/ALF9AAZGQP4K5,2,2,100.00%,0,0,0.00%,0,0,0.00%,1,,,,,,,,,,,,,,,,100,,,,,,,,0,,0,,,,,,,,,,,,Never Blocked,,
2620,ALFHWKHPH59LX,https://gamma-requester.mturk.com/workers/ALFHWKHPH59LX,1,1,100.00%,0,0,0.00%,0,0,0.00%,1,,,,,,,,,,,,,,,,100,,,,,,,,0,,0,,,,,,,,,,,,Never Blocked,,
2621,ALHBRVB7YJ7I0,https://gamma-requester.mturk.com/workers/ALHBRVB7YJ7I0,1,1,100.00%,0,0,0.00%,0,0,0.00%,1,,,,,,,,,,,,,,,,100,,,,,,,,0,,0,,,,,,,,,,,,Never Blocked,,
2622,ALIVEWC6VZ23V,https://gamma-requester.mturk.com/workers/ALIVEWC6VZ23V,0,0,0.00%,0,0,0.00%,0,0,0.00%,,,,,,,,,,,,,,1,,,,,,,,,,,,,,,,,,,,,,,,,Never Blocked,,
2623,ALKF763KECU1H,https://gamma-requester.mturk.com/workers/ALKF763KECU1H,1,1,100.00%,0,0,0.00%,0,0,0.00%,1,,,,,,,,,,,,,,,,100,,,,,,,,0,,0,,,,,,,,,,,,Never Blocked,,
2624,ALLGTQLERMXNL,https://gamma-requester.mturk.com/workers/ALLGTQLERMXNL,3,3,100.00%,0,0,0.00%,0,0,0.00%,1,,,,,,,,,,,,,,,,100,,,,,,,,0,,0,,1,,1,,1,,,,,,Never Blocked,,
2625,ALMEM1C6U9JBG,https://gamma-requester.mturk.com/workers/ALMEM1C6U9JBG,1,1,100.00%,0,0,0.00%,0,0,0.00%,1,,,,,,,,,,,,,,,,100,,,,,,,,0,,0,,,,,,,,,,1,,Never Blocked,,
2626,ALSHKIM4ESJMU,https://gamma-requester.mturk.com/workers/ALSHKIM4ESJMU,1,0,0.00%,0,0,0.00%,0,0,0.00%,,,,,,,,,,,,,,,1,,,,,,,,,,,,,,,,,,,,,,,,Never Blocked,,
2627,ALT6TQMZJKSFQ,https://gamma-requester.mturk.com/workers/ALT6TQMZJKSFQ,1,1,100.00%,0,0,0.00%,0,0,0.00%,1,,,,,,,,,,,,,,,,100,,,,,,,,0,,0,,,,,,,,,,,,Never Blocked,,
2628,ALTJ8ONS93XVL,https://gamma-requester.mturk.com/workers/ALTJ8ONS93XVL,1,1,100.00%,0,0,0.00%,0,0,0.00%,,,,,,,,,,,,,,,,,,,,,,,,,,,,,,,,,,,,,,,Never Blocked,,
2629,ALUYJP5LX99I5,https://gamma-requester.mturk.com/workers/ALUYJP5LX99I5,1,1,100.00%,0,0,0.00%,0,0,0.00%,,,,,,,,,,,,,,,1,,,,,,,,,,,,,,,,,,,,,,,,Never Blocked,,
2630,ALYR5CI2SM2JC,https://gamma-requester.mturk.com/workers/ALYR5CI2SM2JC,3,3,100.00%,0,0,0.00%,0,0,0.00%,1,,,,,,,,,,,,,1,,,100,,,,,,,,0,,0,,,,,,,,,,1,,Never Blocked,,
2631,ALZ24XBTJFV9Z,https://gamma-requester.mturk.com/workers/ALZ24XBTJFV9Z,1,1,100.00%,0,0,0.00%,0,0,0.00%,1,,,,,,,,,,,,,,,,100,,,,,,,,0,,0,,,,,,,,,,1,,Never Blocked,,
2632,AM12C4SNH6C18,https://gamma-requester.mturk.com/workers/AM12C4SNH6C18,1,1,100.00%,0,0,0.00%,0,0,0.00%,1,,,,,,,,,,,,,,,,100,,,,,,,,0,,0,,,,,,,,,,1,,Never Blocked,,
2633,AM2Q3FXQAY0S7,https://gamma-requester.mturk.com/workers/AM2Q3FXQAY0S7,2,2,100.00%,0,0,0.00%,0,0,0.00%,,,,,,,,,1,,,,,,,,1,,,,,,,,,,,,,,,,,,,,,,Never Blocked,,
2634,AM2W23THD4CI7,https://gamma-requester.mturk.com/workers/AM2W23THD4CI7,2,2,100.00%,0,0,0.00%,0,0,0.00%,1,,,,,,,,,,,,,,,,100,,,,,,,,0,,0,,,,1,,1,,,,,,Never Blocked,,
2635,AM2XPIQDRJN93,https://gamma-requester.mturk.com/workers/AM2XPIQDRJN93,1,1,100.00%,0,0,0.00%,0,0,0.00%,1,,,,,,,,,,,,,,,,100,,,,,,,,0,,0,,,,,,,,,,1,,Never Blocked,,
2636,AM38L58BYJEO3,https://gamma-requester.mturk.com/workers/AM38L58BYJEO3,1,1,100.00%,1,1,100.00%,0,0,0.00%,,,,,,,,,,,,,1,,,,,,,,,,,,,,,,,,,,,,,,,,Never Blocked,,
2637,AM5TNXTHWN6PZ,https://gamma-requester.mturk.com/workers/AM5TNXTHWN6PZ,1,1,100.00%,0,0,0.00%,0,0,0.00%,,,,,,,,,,,,,,,,,1,,,,,,,,,,,,,,,,,,,,,,Never Blocked,,
2638,AM65LGXJBTJ0I,https://gamma-requester.mturk.com/workers/AM65LGXJBTJ0I,5,5,100.00%,0,0,0.00%,0,0,0.00%,1,,,,,,,,,,,,,,,,100,,,,,,,,1,,1,,1,,1,,1,,,,,,Never Blocked,,
2639,AMA18W8F60Y2J,https://gamma-requester.mturk.com/workers/AMA18W8F60Y2J,1,1,100.00%,0,0,0.00%,0,0,0.00%,1,,,,,,,,,,,,,,,,100,,,,,,,,0,,0,,,,,,1,,,,,,Never Blocked,,
2640,AMAEYJH3DWA1V,https://gamma-requester.mturk.com/workers/AMAEYJH3DWA1V,3,3,100.00%,0,0,0.00%,0,0,0.00%,,,,,,,1,,,,1,,,,,,1,,,,,,,,,,,,,,,,,,,,,,Never Blocked,,
2641,AMAJ3Y94RRUHH,https://gamma-requester.mturk.com/workers/AMAJ3Y94RRUHH,1,1,100.00%,0,0,0.00%,0,0,0.00%,1,,,,,,,,,,,,,,,,100,,,,,,,,0,,0,,,,,,,,,,1,,Never Blocked,,
2642,AMBZATQDG38V0,https://gamma-requester.mturk.com/workers/AMBZATQDG38V0,1,1,100.00%,0,0,0.00%,0,0,0.00%,,,,,,,,,,,,,,,,,1,,,,,,,,,,,,,,,,,,,,,,Never Blocked,,
2643,AMEBLCWTZKLS2,https://gamma-requester.mturk.com/workers/AMEBLCWTZKLS2,2,2,100.00%,0,0,0.00%,0,0,0.00%,,,,,,,,,1,,,,,,,,1,,,,,,,,,,,,,,,,,,,,,,Never Blocked,,
2644,AMGGOEFKJL8K0,https://gamma-requester.mturk.com/workers/AMGGOEFKJL8K0,1,1,100.00%,0,0,0.00%,0,0,0.00%,1,,,,,,,,,,,,,,,,100,,,,,,,,0,,0,,,,,,,,,,,,Never Blocked,,
2645,AMHUDJ44HF1ZH,https://gamma-requester.mturk.com/workers/AMHUDJ44HF1ZH,2,2,100.00%,0,0,0.00%,0,0,0.00%,1,,,,,,,,,,,,,,1,,100,,,,,,,,0,,0,,,,,,,,,,1,,Never Blocked,,
2646,AMI4OR8CUAIED,https://gamma-requester.mturk.com/workers/AMI4OR8CUAIED,1,1,100.00%,0,0,0.00%,0,0,0.00%,1,,,,,,,,,,,,,,,,100,,,,,,,,0,,0,,,,,,,,,,1,,Never Blocked,,
2647,AMI8H1U9OH4SM,https://gamma-requester.mturk.com/workers/AMI8H1U9OH4SM,1,1,100.00%,0,0,0.00%,0,0,0.00%,1,,,,,,,,,,,,,,,,100,,,,,,,,0,,0,,,,,,1,,,,,,Never Blocked,,
2648,AMJI9ZYZWFH5I,https://gamma-requester.mturk.com/workers/AMJI9ZYZWFH5I,1,1,100.00%,0,0,0.00%,0,0,0.00%,1,,,,,,,,,,,,,,,,100,,,,,,,,0,,0,,,,,,,,,,,,Never Blocked,,
2649,AMLFALV5AFXNJ,https://gamma-requester.mturk.com/workers/AMLFALV5AFXNJ,2,1,50.00%,0,0,0.00%,0,0,0.00%,,,,,,,,,,,1,,,,,,1,,,,,,,,,,,,,,,,,,,,,,Never Blocked,,
2650,AMNRYECHXZY34,https://gamma-requester.mturk.com/workers/AMNRYECHXZY34,1,1,100.00%,0,0,0.00%,0,0,0.00%,1,,,,,,,,,,,,,,,,100,,,,,,,,0,,0,,,,,,,,,,,,Never Blocked,,
2651,AMPMTF5IAAMK8,https://gamma-requester.mturk.com/workers/AMPMTF5IAAMK8,4,4,100.00%,0,0,0.00%,0,0,0.00%,1,,,,,,,,,,,,,,,,100,,,,,,,,0,,1,,1,,1,,1,,,,,,Never Blocked,,
2652,AMPR904VJJFZY,https://gamma-requester.mturk.com/workers/AMPR904VJJFZY,2,2,100.00%,0,0,0.00%,0,0,0.00%,,,,,,,,,,,,,,,,,100,,,,1,,,,,,,,,,,,,,1,,,,Never Blocked,,
2653,AMSVPV5BX5XFO,https://gamma-requester.mturk.com/workers/AMSVPV5BX5XFO,1,1,100.00%,0,0,0.00%,0,0,0.00%,,,,,,,,,,,,,,,,,,,,,,,,,,,,,,,,,,,1,,,,Never Blocked,,
2654,AMTTB8JUWRRM7,https://gamma-requester.mturk.com/workers/AMTTB8JUWRRM7,1,1,100.00%,0,0,0.00%,0,0,0.00%,1,,,,,,,,,,,,,,,,100,,,,,,,,0,,0,,,,,,,,,,1,,Never Blocked,,
2655,AMX5R6NLYNA2K,https://gamma-requester.mturk.com/workers/AMX5R6NLYNA2K,1,1,100.00%,0,0,0.00%,0,0,0.00%,1,,,,,,,,,,,,,,,,100,,,,,,,,0,,0,,,,,,,,,,1,,Never Blocked,,
2656,AMYURTQIMAC8T,https://gamma-requester.mturk.com/workers/AMYURTQIMAC8T,1,1,100.00%,0,0,0.00%,0,0,0.00%,1,,,,,,,,,,,,,,,,100,,,,,,,,0,,0,,,,,,,,,,1,,Never Blocked,,
2657,AMYYL67LDKPDA,https://gamma-requester.mturk.com/workers/AMYYL67LDKPDA,1,1,100.00%,0,0,0.00%,0,0,0.00%,1,,,,,,,,,,,,,,,,100,,,,,,,,0,,0,,,,,,,,,,,,Never Blocked,,
2658,AN4P0SU1YSPF2,https://gamma-requester.mturk.com/workers/AN4P0SU1YSPF2,3,2,66.67%,0,0,0.00%,0,0,0.00%,,,,,,,1,,,,,,,,,,,,,,,,,,,,,,,,,,,,1,,,,Never Blocked,,
2659,AN7Z42U38BCQT,https://gamma-requester.mturk.com/workers/AN7Z42U38BCQT,3,3,100.00%,0,0,0.00%,0,0,0.00%,,,,,,,,,,,,,,,1,,100,,,,,,1,,,,,,,,,,,,,,,,Never Blocked,,
2660,AN8NGM6DYFWGW,https://gamma-requester.mturk.com/workers/AN8NGM6DYFWGW,1,1,100.00%,0,0,0.00%,0,0,0.00%,1,,,,,,,,,,,,,,,,100,,,,,,,,0,,0,,,,,,,,,,,,Never Blocked,,
2661,ANDJL5986AUAF,https://gamma-requester.mturk.com/workers/ANDJL5986AUAF,4,4,100.00%,1,1,100.00%,0,0,0.00%,,,,,,,,,,,,,1,,1,,,,,,,,1,,,,,,,,,,,,,,,,Never Blocked,,
2662,ANKAVDAQ2LW1T,https://gamma-requester.mturk.com/workers/ANKAVDAQ2LW1T,1,1,100.00%,0,0,0.00%,0,0,0.00%,1,,,,,,,,,,,,,,,,100,,,,,,,,0,,0,,,,,,,,,,1,,Never Blocked,,
2663,ANLHIS7CZAZVQ,https://gamma-requester.mturk.com/workers/ANLHIS7CZAZVQ,1,1,100.00%,0,0,0.00%,0,0,0.00%,1,,,,,,,,,,,,,,,,100,,,,,,,,0,,0,,,,,,,,,,1,,Never Blocked,,
2664,ANONYKAVCEV2H,https://gamma-requester.mturk.com/workers/ANONYKAVCEV2H,1,1,100.00%,0,0,0.00%,0,0,0.00%,1,,,,,,,,,,,,,,,,100,,,,,,,,0,,0,,,,,,,,,,1,,Never Blocked,,
2665,ANPCXN619ACW9,https://gamma-requester.mturk.com/workers/ANPCXN619ACW9,4,4,100.00%,0,0,0.00%,0,0,0.00%,1,,,,,,,,,,,,,,,,100,,,,,,,,0,,1,,1,,1,,1,,,,,,Never Blocked,,
2666,ANR7CB2MLJAWA,https://gamma-requester.mturk.com/workers/ANR7CB2MLJAWA,1,1,100.00%,0,0,0.00%,0,0,0.00%,1,,,,,,,,,,,,,,,,100,,,,,,,,0,,0,,,,,,,,,,1,,Never Blocked,,
2667,ANSK1GTG46KS3,https://gamma-requester.mturk.com/workers/ANSK1GTG46KS3,3,3,100.00%,0,0,0.00%,0,0,0.00%,1,,,,,,,,,,,,,,,,100,,,,,,,,0,,0,,1,,1,,1,,,,,,Never Blocked,,
2668,ANT3QZOTL58V4,https://gamma-requester.mturk.com/workers/ANT3QZOTL58V4,1,1,100.00%,0,0,0.00%,0,0,0.00%,1,,,,,,,,,,,,,,,,100,,,,,,,,0,,0,,,,,,,,,,1,,Never Blocked,,
2669,ANVRXNVRIH75V,https://gamma-requester.mturk.com/workers/ANVRXNVRIH75V,1,1,100.00%,0,0,0.00%,0,0,0.00%,1,,,,,,,,,,,,,,,,100,,,,,,,,0,,0,,,,,,,,,,,,Never Blocked,,
2670,ANWY0TG55MWW9,https://gamma-requester.mturk.com/workers/ANWY0TG55MWW9,4,4,100.00%,0,0,0.00%,0,0,0.00%,1,,,,,,,,,,,,,,,,100,,,,,,,,0,,1,,1,,1,,1,,,,,,Never Blocked,,
2671,ANX6Q4NMZL8EI,https://gamma-requester.mturk.com/workers/ANX6Q4NMZL8EI,1,1,100.00%,0,0,0.00%,0,0,0.00%,,,,,,,,,,,,,,,1,,,,,,,,1,,,,,,,,,,,,,,,,Never Blocked,,
2672,AO32GL5867YY7,https://gamma-requester.mturk.com/workers/AO32GL5867YY7,1,1,100.00%,0,0,0.00%,0,0,0.00%,,,,,,,,,,,,,,,,,,,,,,,,,,,,,,,,,,,,,,,Never Blocked,,
2673,AO6JZCCNF0LFS,https://gamma-requester.mturk.com/workers/AO6JZCCNF0LFS,3,3,100.00%,0,0,0.00%,0,0,0.00%,,,,,,,,,,,,,,,1,,,,,,,,1,,,,,,,,,,,,,,,,Never Blocked,,
2674,AO89AP6IHUTBW,https://gamma-requester.mturk.com/workers/AO89AP6IHUTBW,2,1,50.00%,0,0,0.00%,0,0,0.00%,,,,,,,,,1,,,,,,,,1,,,,,,,,,,,,,,,,,,,,,,Never Blocked,,
2675,AOAA4TRH6LCKJ,https://gamma-requester.mturk.com/workers/AOAA4TRH6LCKJ,1,1,100.00%,0,0,0.00%,0,0,0.00%,1,,,,,,,,,,,,,,,,100,,,,,,,,0,,0,,,,,,,,,,,,Never Blocked,,
2676,AOAZMLP27GD81,https://gamma-requester.mturk.com/workers/AOAZMLP27GD81,1,1,100.00%,0,0,0.00%,0,0,0.00%,1,,,,,,,,,,,,,,,,100,,,,,,,,0,,0,,,,,,,,,,1,,Never Blocked,,
2677,AOCQ83IC3FRUQ,https://gamma-requester.mturk.com/workers/AOCQ83IC3FRUQ,1,1,100.00%,0,0,0.00%,0,0,0.00%,,,,,,,,,,,,,,,,,100,,,,,,,,,,,,,,,,,,,,,,Never Blocked,,
2678,AOEEH4KDWSXYJ,https://gamma-requester.mturk.com/workers/AOEEH4KDWSXYJ,4,4,100.00%,0,0,0.00%,0,0,0.00%,1,,,,,,,,,,,,,,,,100,,,,,,,,0,,1,,1,,1,,1,,,,,,Never Blocked,,
2679,AOI6OCXVWYBX1,https://gamma-requester.mturk.com/workers/AOI6OCXVWYBX1,1,1,100.00%,0,0,0.00%,0,0,0.00%,,,,,,,,,,,,,,,,,100,,,,,,,,,,,,,,,,,,,,,,Never Blocked,,
2680,AOIR8V07FYMH5,https://gamma-requester.mturk.com/workers/AOIR8V07FYMH5,1,1,100.00%,0,0,0.00%,0,0,0.00%,1,,,,,,,,,,,,,,,,100,,,,,,,,0,,0,,,,,,,,,,1,,Never Blocked,,
2681,AOJJK61F8QF22,https://gamma-requester.mturk.com/workers/AOJJK61F8QF22,4,4,100.00%,0,0,0.00%,0,0,0.00%,1,,,,,,,,,,,,,,,,100,,,,,,,,0,,1,,1,,1,,1,,,,,,Never Blocked,,
2682,AOJVF3SCCC5DP,https://gamma-requester.mturk.com/workers/AOJVF3SCCC5DP,1,1,100.00%,0,0,0.00%,0,0,0.00%,1,,,,,,,,,,,,,,,,100,,,,,,,,0,,0,,,,,,,,,,1,,Never Blocked,,
2683,AOLFZD94CL1HS,https://gamma-requester.mturk.com/workers/AOLFZD94CL1HS,1,1,100.00%,0,0,0.00%,0,0,0.00%,1,,,,,,,,,,,,,,,,100,,,,,,,,0,,0,,,,,,,,,,1,,Never Blocked,,
2684,AOMSOIGOYPFXX,https://gamma-requester.mturk.com/workers/AOMSOIGOYPFXX,1,1,100.00%,0,0,0.00%,0,0,0.00%,,,,,,,,,,,,,,,,,,,,,1,,,,,,,,,,,,,,,,,,Never Blocked,,
2685,AOMYFDVVIRWN2,https://gamma-requester.mturk.com/workers/AOMYFDVVIRWN2,3,3,100.00%,1,1,100.00%,0,0,0.00%,,,,,,,,,,,,,1,,,,1,,,,,,,,,,,,,,,,,,1,,,,Never Blocked,,
2686,AOOGCOBAZBWJ2,https://gamma-requester.mturk.com/workers/AOOGCOBAZBWJ2,1,1,100.00%,0,0,0.00%,0,0,0.00%,1,,,,,,,,,,,,,,,,100,,,,,,,,0,,0,,,,,,,,,,1,,Never Blocked,,
2687,AOOLS8280CL0Z,https://gamma-requester.mturk.com/workers/AOOLS8280CL0Z,4,4,100.00%,0,0,0.00%,0,0,0.00%,,,,,,,1,,,,,,,,1,,100,,,,,,1,,,,,,,,,,,,1,,,,Never Blocked,,
2688,AOOU57BC3GK9J,https://gamma-requester.mturk.com/workers/AOOU57BC3GK9J,2,2,100.00%,0,0,0.00%,0,0,0.00%,,,,,,,,,,,1,,,,,,1,,,,,,,,,,,,,,,,,,,,,,Never Blocked,,
2689,AOQC2B77YF8ON,https://gamma-requester.mturk.com/workers/AOQC2B77YF8ON,1,1,100.00%,0,0,0.00%,0,0,0.00%,1,,,,,,,,,,,,,,,,100,,,,,,,,0,,0,,,,,,,,,,1,,Never Blocked,,
2690,AOQP9IL4MK3ZQ,https://gamma-requester.mturk.com/workers/AOQP9IL4MK3ZQ,1,1,100.00%,0,0,0.00%,0,0,0.00%,,,,,,,,,,,,,,,,,,,,,,,,,,,,,,,,,,,,,,,Never Blocked,,
2691,AORCVD8QSRCI2,https://gamma-requester.mturk.com/workers/AORCVD8QSRCI2,1,1,100.00%,0,0,0.00%,0,0,0.00%,,,,,,,,,,,,,,,,,,,,,,,,,,,,,,,,,,,,,,,Never Blocked,,
2692,AOS2PVHT2HYTL,https://gamma-requester.mturk.com/workers/AOS2PVHT2HYTL,4,4,100.00%,0,0,0.00%,0,0,0.00%,1,,,,,,,,,,,,,,,,100,,,,,,,,0,,0,,1,,1,,1,,,,,,Never Blocked,,
2693,AOTQI7L5X0KR7,https://gamma-requester.mturk.com/workers/AOTQI7L5X0KR7,1,1,100.00%,0,0,0.00%,0,0,0.00%,1,,,,,,,,,,,,,,,,100,,,,,,,,0,,0,,,,,,,,,,1,,Never Blocked,,
2694,AOTSROWZG1XS1,https://gamma-requester.mturk.com/workers/AOTSROWZG1XS1,3,3,100.00%,0,0,0.00%,0,0,0.00%,1,,,,,,,,,,,,,,,,100,,,,,,,,0,,0,,1,,1,,1,,,,,,Never Blocked,,
2695,AOWTBF2L04ENM,https://gamma-requester.mturk.com/workers/AOWTBF2L04ENM,1,1,100.00%,0,0,0.00%,0,0,0.00%,,,,,,,,,,,,,,,1,,,,,,,,1,,,,,,,,,,,,,,,,Never Blocked,,
2696,AOYDGVOZUIHII,https://gamma-requester.mturk.com/workers/AOYDGVOZUIHII,1,1,100.00%,0,0,0.00%,0,0,0.00%,,,,,,,,,,,,,,,1,,,,,,,,,,,,,,,,,,,,,,,,Never Blocked,,
2697,AP43EYS9D1Z9E,https://gamma-requester.mturk.com/workers/AP43EYS9D1Z9E,3,3,100.00%,0,0,0.00%,0,0,0.00%,1,,,,,,,,,,,,,,,,100,,,,,,,,0,,0,,1,,1,,1,,,,,,Never Blocked,,
2698,AP60DZINXAPCI,https://gamma-requester.mturk.com/workers/AP60DZINXAPCI,1,1,100.00%,0,0,0.00%,0,0,0.00%,,,,,,,,,,,,,,,,,1,,,,,,,,,,,,,,,,,,,,,,Never Blocked,,
2699,APB33P7IQEEWK,https://gamma-requester.mturk.com/workers/APB33P7IQEEWK,1,1,100.00%,0,0,0.00%,0,0,0.00%,1,,,,,,,,,,,,,,,,100,,,,,,,,0,,0,,,,,,1,,,,,,Never Blocked,,
2700,APFMA1DN6JR1P,https://gamma-requester.mturk.com/workers/APFMA1DN6JR1P,1,1,100.00%,0,0,0.00%,0,0,0.00%,1,,,,,,,,,,,,,,,,100,,,,,,,,0,,0,,,,,,,,,,1,,Never Blocked,,
2701,APGX2WZ59OWDN,https://gamma-requester.mturk.com/workers/APGX2WZ59OWDN,1,1,100.00%,0,0,0.00%,0,0,0.00%,1,,,,,,,,,,,,,,,,100,,,,,,,,0,,0,,,,,,,,,,1,,Never Blocked,,
2702,API7K4R8MF7VD,https://gamma-requester.mturk.com/workers/API7K4R8MF7VD,1,1,100.00%,0,0,0.00%,0,0,0.00%,1,,,,,,,,,,,,,,,,100,,,,,,,,0,,0,,,,,,1,,,,,,Never Blocked,,
2703,API8ZXST4JH3X,https://gamma-requester.mturk.com/workers/API8ZXST4JH3X,1,0,0.00%,0,0,0.00%,0,0,0.00%,,,,,,,,,,,,,,,1,,,,,,,,,,,,,,,,,,,,,,,,Never Blocked,,
2704,APJ9GE2T8SMGO,https://gamma-requester.mturk.com/workers/APJ9GE2T8SMGO,1,1,100.00%,0,0,0.00%,0,0,0.00%,,,,,,,,,,,,,,,,,,,,,,,,,,,,,,,,,,,,,,,Never Blocked,,
2705,APKTDTD9LK539,https://gamma-requester.mturk.com/workers/APKTDTD9LK539,1,1,100.00%,0,0,0.00%,0,0,0.00%,1,,,,,,,,,,,,,,,,100,,,,,,,,0,,0,,,,,,,,,,1,,Never Blocked,,
2706,APO6KZZ79PO9Q,https://gamma-requester.mturk.com/workers/APO6KZZ79PO9Q,1,1,100.00%,0,0,0.00%,0,0,0.00%,1,,,,,,,,,,,,,,,,100,,,,,,,,0,,0,,,,,,,,,,1,,Never Blocked,,
2707,APPOO1EBDMS7M,https://gamma-requester.mturk.com/workers/APPOO1EBDMS7M,2,2,100.00%,0,0,0.00%,0,0,0.00%,1,,,,,,,,,,,,,,,,100,,,,,,,,0,,0,,,,,,,,,,,,Never Blocked,,
2708,APQW7NA9155CV,https://gamma-requester.mturk.com/workers/APQW7NA9155CV,1,1,100.00%,0,0,0.00%,0,0,0.00%,,,,,,,,,,,,,,,,,,,,,,,,,,,,,,,,,,,1,,,,Never Blocked,,
2709,APVZGZM1RA3AZ,https://gamma-requester.mturk.com/workers/APVZGZM1RA3AZ,1,1,100.00%,0,0,0.00%,0,0,0.00%,,,,,,,,,,,,,,,,,,,,,1,,,,,,,,,,,,,,1,,,,Never Blocked,,
2710,APZPQ332QVEUY,https://gamma-requester.mturk.com/workers/APZPQ332QVEUY,1,1,100.00%,0,0,0.00%,0,0,0.00%,1,,,,,,,,,,,,,,,,100,,,,,,,,0,,0,,,,,,,,,,,,Never Blocked,,
2711,AQ4C8KG75JB2X,https://gamma-requester.mturk.com/workers/AQ4C8KG75JB2X,1,1,100.00%,0,0,0.00%,0,0,0.00%,1,,,,,,,,,,,,,,,,100,,,,,,,,0,,0,,,,,,,,,,1,,Never Blocked,,
2712,AQ5CSVCNBPSIJ,https://gamma-requester.mturk.com/workers/AQ5CSVCNBPSIJ,2,2,100.00%,0,0,0.00%,0,0,0.00%,,,,,,,,,,,1,,,,,,1,,,,,,,,,,,,,,,,,,,,,,Never Blocked,,
2713,AQCJR7AUM13ZB,https://gamma-requester.mturk.com/workers/AQCJR7AUM13ZB,1,1,100.00%,0,0,0.00%,0,0,0.00%,1,,,,,,,,,,,,,,,,100,,,,,,,,0,,0,,,,,,,,,,,,Never Blocked,,
2714,AQHG86N9L94RG,https://gamma-requester.mturk.com/workers/AQHG86N9L94RG,0,0,0.00%,0,0,0.00%,0,0,0.00%,,,,,,,,,,,,,,,,,,,,,,,,,,,,,,,,,,,,,,,Never Blocked,,
2715,AQJWO4YPR3LUQ,https://gamma-requester.mturk.com/workers/AQJWO4YPR3LUQ,1,1,100.00%,0,0,0.00%,0,0,0.00%,1,,,,,,,,,,,,,,,,100,,,,,,,,0,,0,,,,,,,,,,1,,Never Blocked,,
2716,AQJXTRKPX3NSB,https://gamma-requester.mturk.com/workers/AQJXTRKPX3NSB,1,1,100.00%,0,0,0.00%,0,0,0.00%,,,,,,,,,,,,,,,,,,,,,,,,,,,,,,,,,,,,,,,Never Blocked,,
2717,AQKRSW854ATWI,https://gamma-requester.mturk.com/workers/AQKRSW854ATWI,1,1,100.00%,0,0,0.00%,0,0,0.00%,,,,,,,,,,,,,,,,,1,,,,,,,,,,,,,,,,,,,,,,Never Blocked,,
2718,AQN32EZB7OQRG,https://gamma-requester.mturk.com/workers/AQN32EZB7OQRG,3,3,100.00%,0,0,0.00%,0,0,0.00%,,,,,,,1,,,,,,,,,,,,,,,,,,,,,,,,,,,,,,,,Never Blocked,,
2719,AQP4PHYDXRBPI,https://gamma-requester.mturk.com/workers/AQP4PHYDXRBPI,1,1,100.00%,0,0,0.00%,0,0,0.00%,1,,,,,,,,,,,,,,,,100,,,,,,,,0,,0,,,,,,,,,,1,,Never Blocked,,
2720,AQTAO3905UV0V,https://gamma-requester.mturk.com/workers/AQTAO3905UV0V,1,1,100.00%,0,0,0.00%,0,0,0.00%,,,,,,,,,,,,,,,,,1,,,,,,,,,,,,,,,,,,,,,,Never Blocked,,
2721,AQU240V7QL3BN,https://gamma-requester.mturk.com/workers/AQU240V7QL3BN,0,0,0.00%,0,0,0.00%,0,0,0.00%,,,,,,,,,,,,,,1,,,,,,,,,,,,,,,,,,,,,,,,,Never Blocked,,
2722,AQWB0M3L9X1SS,https://gamma-requester.mturk.com/workers/AQWB0M3L9X1SS,2,2,100.00%,0,0,0.00%,0,0,0.00%,1,,,,,,,,,,,,,,,,100,,,,,,,,0,,0,,,,1,,1,,,,,,Never Blocked,,
2723,AQXRHIMQ7UK7O,https://gamma-requester.mturk.com/workers/AQXRHIMQ7UK7O,1,1,100.00%,0,0,0.00%,0,0,0.00%,1,,,,,,,,,,,,,,,,100,,,,,,,,0,,0,,,,,,,,,,,,Never Blocked,,
2724,AQXZUVF2QWLYS,https://gamma-requester.mturk.com/workers/AQXZUVF2QWLYS,1,1,100.00%,0,0,0.00%,0,0,0.00%,1,,,,,,,,,,,,,,,,100,,,,,,,,0,,0,,,,,,,,,,,,Never Blocked,,
2725,AQZJKEN3MEWJR,https://gamma-requester.mturk.com/workers/AQZJKEN3MEWJR,5,5,100.00%,0,0,0.00%,0,0,0.00%,1,,,,,,,,,,,,,,,,100,,,,,,,,1,,1,,1,,1,,1,,,,,,Never Blocked,,
2726,AR17E7L7JAOBI,https://gamma-requester.mturk.com/workers/AR17E7L7JAOBI,1,1,100.00%,0,0,0.00%,0,0,0.00%,1,,,,,,,,,,,,,,,,100,,,,,,,,0,,0,,,,,,,,,,1,,Never Blocked,,
2727,AR2K3RMWXFXWX,https://gamma-requester.mturk.com/workers/AR2K3RMWXFXWX,1,1,100.00%,0,0,0.00%,0,0,0.00%,,,,,,,,,,,,,,,,,,,,,,,,,,,,,,,,,,,,,,,Never Blocked,,
2728,AR2QKWH7FE8QH,https://gamma-requester.mturk.com/workers/AR2QKWH7FE8QH,1,1,100.00%,0,0,0.00%,0,0,0.00%,,,,,,,1,,,,,,,,,,,,,,,,,,,,,,,,,,,,1,,,,Never Blocked,,
2729,AR2QNAI3RVS58,https://gamma-requester.mturk.com/workers/AR2QNAI3RVS58,1,1,100.00%,0,0,0.00%,0,0,0.00%,,,,,,,,,,,,,,,,,1,,,,,,,,,,,,,,,,,,,,,,Never Blocked,,
2730,AR390VVG2FJKJ,https://gamma-requester.mturk.com/workers/AR390VVG2FJKJ,2,2,100.00%,0,0,0.00%,0,0,0.00%,,,,,,,,,,,1,,,,,,1,,,,,,,,,,,,,,,,,,,,,,Never Blocked,,
2731,AR3ZURBNNC67T,https://gamma-requester.mturk.com/workers/AR3ZURBNNC67T,1,1,100.00%,0,0,0.00%,0,0,0.00%,1,,,,,,,,,,,,,,,,100,,,,,,,,0,,0,,,,,,,,,,,,Never Blocked,,
2732,AR4XFM7G1W0VQ,https://gamma-requester.mturk.com/workers/AR4XFM7G1W0VQ,1,1,100.00%,0,0,0.00%,0,0,0.00%,1,,,,,,,,,,,,,,,,100,,,,,,,,0,,0,,,,,,,,,,1,,Never Blocked,,
2733,AR53U0N9NJ5XR,https://gamma-requester.mturk.com/workers/AR53U0N9NJ5XR,1,1,100.00%,0,0,0.00%,0,0,0.00%,1,,,,,,,,,,,,,,,,100,,,,,,,,0,,0,,,,,,,,,,,,Never Blocked,,
2734,AR5WHNQGQ32V9,https://gamma-requester.mturk.com/workers/AR5WHNQGQ32V9,1,1,100.00%,0,0,0.00%,0,0,0.00%,1,,,,,,,,,,,,,,,,100,,,,,,,,0,,0,,,,,,,,,,1,,Never Blocked,,
2735,AR60KK450SIQY,https://gamma-requester.mturk.com/workers/AR60KK450SIQY,1,1,100.00%,0,0,0.00%,0,0,0.00%,1,,,,,,,,,,,,,,,,100,,,,,,,,0,,0,,,,,,,,,,,,Never Blocked,,
2736,AR6H3B01WJ1FQ,https://gamma-requester.mturk.com/workers/AR6H3B01WJ1FQ,3,3,100.00%,0,0,0.00%,0,0,0.00%,,,,,,,,,,,,,,,1,,,,,,,,1,,,,,,,,,,,,,,,,Never Blocked,,
2737,ARDYOQUUS9S1X,https://gamma-requester.mturk.com/workers/ARDYOQUUS9S1X,1,1,100.00%,0,0,0.00%,0,0,0.00%,1,,,,,,,,,,,,,,,,100,,,,,,,,0,,0,,,,,,,,,,,,Never Blocked,,
2738,AREYIJXFMXZL0,https://gamma-requester.mturk.com/workers/AREYIJXFMXZL0,1,1,100.00%,0,0,0.00%,0,0,0.00%,,,,,,,,,,,,,,,,,1,,,,,,,,,,,,,,,,,,,,,,Never Blocked,,
2739,ARFQ8FJRKCUZ6,https://gamma-requester.mturk.com/workers/ARFQ8FJRKCUZ6,5,5,100.00%,0,0,0.00%,0,0,0.00%,1,,,,,,,,,,,,,,,,100,,,,,,,,1,,1,,1,,1,,1,,,,,,Never Blocked,,
2740,ARIWYNIH12MLF,https://gamma-requester.mturk.com/workers/ARIWYNIH12MLF,1,1,100.00%,0,0,0.00%,0,0,0.00%,,,,,,,,,,,,,,,,,100,,,,,,,,,,,,,,,,,,,,,,Never Blocked,,
2741,ARLGZWN6W91WD,https://gamma-requester.mturk.com/workers/ARLGZWN6W91WD,1,1,100.00%,0,0,0.00%,0,0,0.00%,1,,,,,,,,,,,,,,,,100,,,,,,,,0,,0,,,,,,,,,,1,,Never Blocked,,
2742,ARPBDM5QZ4XQC,https://gamma-requester.mturk.com/workers/ARPBDM5QZ4XQC,1,1,100.00%,0,0,0.00%,0,0,0.00%,1,,,,,,,,,,,,,,,,100,,,,,,,,0,,0,,,,,,,,,,,,Never Blocked,,
2743,ARQR5NIFA1AJ,https://gamma-requester.mturk.com/workers/ARQR5NIFA1AJ,2,2,100.00%,0,0,0.00%,0,0,0.00%,1,,,,,,,,,,,,,,,,100,,,,,,,,0,,0,,,,,,,,,,,,Never Blocked,,
2744,ARR9GKAG3JFE5,https://gamma-requester.mturk.com/workers/ARR9GKAG3JFE5,2,2,100.00%,0,0,0.00%,0,0,0.00%,,,,,,,,,,,,,,,,,,,,,1,,,,,,,,,,,,,,1,,,,Never Blocked,,
2745,ARTYJO5XCAHKT,https://gamma-requester.mturk.com/workers/ARTYJO5XCAHKT,1,1,100.00%,0,0,0.00%,0,0,0.00%,1,,,,,,,,,,,,,,,,100,,,,,,,,0,,0,,,,,,,,,,,,Never Blocked,,
2746,ARV6BUXHOSJ6W,https://gamma-requester.mturk.com/workers/ARV6BUXHOSJ6W,1,1,100.00%,0,0,0.00%,0,0,0.00%,1,,,,,,,,,,,,,,,,100,,,,,,,,0,,0,,,,,,,,,,,,Never Blocked,,
2747,ARVDXCMQTSULH,https://gamma-requester.mturk.com/workers/ARVDXCMQTSULH,1,1,100.00%,0,0,0.00%,0,0,0.00%,1,,,,,,,,,,,,,,,,100,,,,,,,,0,,0,,,,,,,,,,1,,Never Blocked,,
2748,ARVXIBUCA8WDZ,https://gamma-requester.mturk.com/workers/ARVXIBUCA8WDZ,1,1,100.00%,0,0,0.00%,0,0,0.00%,1,,,,,,,,,,,,,,,,100,,,,,,,,0,,0,,,,,,,,,,,,Never Blocked,,
2749,ARWN6TT8EWCFJ,https://gamma-requester.mturk.com/workers/ARWN6TT8EWCFJ,1,1,100.00%,0,0,0.00%,0,0,0.00%,1,,,,,,,,,,,,,,,,100,,,,,,,,0,,0,,,,,,,,,,1,,Never Blocked,,
2750,ARXECK1BNV3W6,https://gamma-requester.mturk.com/workers/ARXECK1BNV3W6,1,1,100.00%,0,0,0.00%,0,0,0.00%,,,,,,,,,,,,,,,,,1,,,,,,,,,,,,,,,,,,,,,,Never Blocked,,
2751,ARYL3C6N9SVV1,https://gamma-requester.mturk.com/workers/ARYL3C6N9SVV1,2,2,100.00%,0,0,0.00%,0,0,0.00%,1,,,,,,,,,,,,,,,,100,,,,,,,,0,,0,,,,1,,1,,,,,,Never Blocked,,
2752,AS08ODODBG8BX,https://gamma-requester.mturk.com/workers/AS08ODODBG8BX,1,1,100.00%,0,0,0.00%,0,0,0.00%,,,,,,,,,,,,,,,,,100,,,,,,,,,,,,,,,,,,,,,,Never Blocked,,
2753,AS1KP4SMNONQC,https://gamma-requester.mturk.com/workers/AS1KP4SMNONQC,1,1,100.00%,0,0,0.00%,0,0,0.00%,1,,,,,,,,,,,,,,,,100,,,,,,,,0,,0,,,,,,,,,,,,Never Blocked,,
2754,AS2MFSWNC5CQI,https://gamma-requester.mturk.com/workers/AS2MFSWNC5CQI,1,1,100.00%,0,0,0.00%,0,0,0.00%,1,,,,,,,,,,,,,,,,100,,,,,,,,0,,0,,,,,,,,,,,,Never Blocked,,
2755,AS33MVL0BF84T,https://gamma-requester.mturk.com/workers/AS33MVL0BF84T,1,1,100.00%,0,0,0.00%,0,0,0.00%,1,,,,,,,,,,,,,,,,100,,,,,,,,0,,0,,,,,,,,,,1,,Never Blocked,,
2756,AS357296DQN24,https://gamma-requester.mturk.com/workers/AS357296DQN24,4,4,100.00%,0,0,0.00%,0,0,0.00%,1,,,,,,,,,,,,,,,,100,,,,,,,,0,,0,,1,,1,,1,,,,,,Never Blocked,,
2757,AS4NIEQJWCG3M,https://gamma-requester.mturk.com/workers/AS4NIEQJWCG3M,1,1,100.00%,0,0,0.00%,0,0,0.00%,1,,,,,,,,,,,,,,,,100,,,,,,,,0,,0,,,,,,,,,,,,Never Blocked,,
2758,AS55GKL261S17,https://gamma-requester.mturk.com/workers/AS55GKL261S17,0,0,0.00%,0,0,0.00%,0,0,0.00%,,,,,,,,,,,,,,1,,,,,,,,,,,,,,,,,,,,,,,,,Never Blocked,,
2759,AS66AO98XNCUP,https://gamma-requester.mturk.com/workers/AS66AO98XNCUP,1,1,100.00%,0,0,0.00%,0,0,0.00%,,,,,,,,,,,,,,,,,100,,,,,,,,,,,,,,,,,,,,,,Never Blocked,,
2760,AS787OL64GYWX,https://gamma-requester.mturk.com/workers/AS787OL64GYWX,1,1,100.00%,0,0,0.00%,0,0,0.00%,,,,,,,,,,,,,,,,,1,,,,,,,,,,,,,,,,,,,,,,Never Blocked,,
2761,AS9RZL1B7D9FB,https://gamma-requester.mturk.com/workers/AS9RZL1B7D9FB,1,1,100.00%,0,0,0.00%,0,0,0.00%,,,,,,,,,,,,,,,,,,,,,,,,,,,,,,,,,,,,,,,Never Blocked,,
2762,ASA7IFS066IV9,https://gamma-requester.mturk.com/workers/ASA7IFS066IV9,1,1,100.00%,0,0,0.00%,0,0,0.00%,1,,,,,,,,,,,,,,,,100,,,,,,,,0,,0,,,,,,,,,,,,Never Blocked,,
2763,ASC9DUCC64M3P,https://gamma-requester.mturk.com/workers/ASC9DUCC64M3P,1,1,100.00%,0,0,0.00%,0,0,0.00%,,,,,,,,,,,,,,,,,,,,,,,,,,,,,,,,,,,1,,,,Never Blocked,,
2764,ASG5E2PAQM3H2,https://gamma-requester.mturk.com/workers/ASG5E2PAQM3H2,1,1,100.00%,0,0,0.00%,0,0,0.00%,1,,,,,,,,,,,,,,,,100,,,,,,,,0,,0,,,,,,1,,,,,,Never Blocked,,
2765,ASI6KXF2GAUTQ,https://gamma-requester.mturk.com/workers/ASI6KXF2GAUTQ,1,1,100.00%,0,0,0.00%,0,0,0.00%,1,,,,,,,,,,,,,,,,100,,,,,,,,0,,0,,,,,,,,,,,,Never Blocked,,
2766,ASI7RTAD1SG4L,https://gamma-requester.mturk.com/workers/ASI7RTAD1SG4L,2,2,100.00%,0,0,0.00%,0,0,0.00%,,,,,,,,,,,,,,,,,,,,,1,,,,,,,,,,,,,,,,,,Never Blocked,,
2767,ASNNAP90D5R1Z,https://gamma-requester.mturk.com/workers/ASNNAP90D5R1Z,2,2,100.00%,0,0,0.00%,0,0,0.00%,,,,,,,,,1,,,,,,,,1,,,,,,,,,,,,,,,,,,,,,,Never Blocked,,
2768,ASQZ0PK3XDQ9S,https://gamma-requester.mturk.com/workers/ASQZ0PK3XDQ9S,1,1,100.00%,0,0,0.00%,0,0,0.00%,1,,,,,,,,,,,,,,,,100,,,,,,,,0,,0,,,,,,,,,,,,Never Blocked,,
2769,ASSGVN0YLLOE3,https://gamma-requester.mturk.com/workers/ASSGVN0YLLOE3,0,0,0.00%,0,0,0.00%,0,0,0.00%,,,,,,,,,,,,,,1,,,,,,,,,,,,,,,,,,,,,,,,,Never Blocked,,
2770,AST18D0A65MJX,https://gamma-requester.mturk.com/workers/AST18D0A65MJX,1,1,100.00%,0,0,0.00%,0,0,0.00%,1,,,,,,,,,,,,,,,,100,,,,,,,,0,,0,,,,,,,,,,,,Never Blocked,,
2771,AT5279Q4D0BY9,https://gamma-requester.mturk.com/workers/AT5279Q4D0BY9,1,1,100.00%,0,0,0.00%,0,0,0.00%,1,,,,,,,,,,,,,,,,100,,,,,,,,0,,0,,,,,,,,,,1,,Never Blocked,,
2772,AT5KUZO0N1WSI,https://gamma-requester.mturk.com/workers/AT5KUZO0N1WSI,1,1,100.00%,0,0,0.00%,0,0,0.00%,1,,,,,,,,,,,,,,,,100,,,,,,,,0,,0,,,,,,,,,,1,,Never Blocked,,
2773,AT5LT9B0GKOIK,https://gamma-requester.mturk.com/workers/AT5LT9B0GKOIK,2,2,100.00%,0,0,0.00%,0,0,0.00%,,,,,,,1,,,,,,,,,,,,,,,,,,,,,,,,,,,,,,,,Never Blocked,,
2774,AT5PMZBZDR686,https://gamma-requester.mturk.com/workers/AT5PMZBZDR686,2,2,100.00%,0,0,0.00%,0,0,0.00%,1,,,,,,,,,,,,,,,,100,,,,,,,,0,,0,,,,1,,1,,,,,,Never Blocked,,
2775,AT60ESWGVSAG9,https://gamma-requester.mturk.com/workers/AT60ESWGVSAG9,1,1,100.00%,0,0,0.00%,0,0,0.00%,1,,,,,,,,,,,,,,,,100,,,,,,,,0,,0,,,,,,,,,,1,,Never Blocked,,
2776,AT63SR7LJVM8P,https://gamma-requester.mturk.com/workers/AT63SR7LJVM8P,1,1,100.00%,0,0,0.00%,0,0,0.00%,1,,,,,,,,,,,,,,,,100,,,,,,,,0,,0,,,,,,,,,,1,,Never Blocked,,
2777,AT6LDQNLKTUSE,https://gamma-requester.mturk.com/workers/AT6LDQNLKTUSE,4,4,100.00%,0,0,0.00%,0,0,0.00%,1,,,,,,,,,,,,,,,,100,,,,,,,,1,,1,,1,,1,,1,,,,,,Never Blocked,,
2778,AT80V0Q1U2LCI,https://gamma-requester.mturk.com/workers/AT80V0Q1U2LCI,1,1,100.00%,0,0,0.00%,0,0,0.00%,,,,,,,,,,,,,,,,,,,,,,,,,,,,,,,,,,,1,,,,Never Blocked,,
2779,AT8LEYIKYE2IO,https://gamma-requester.mturk.com/workers/AT8LEYIKYE2IO,1,1,100.00%,0,0,0.00%,0,0,0.00%,1,,,,,,,,,,,,,,,,100,,,,,,,,0,,0,,,,,,,,,,1,,Never Blocked,,
2780,ATA61WNUAP91U,https://gamma-requester.mturk.com/workers/ATA61WNUAP91U,4,4,100.00%,0,0,0.00%,0,0,0.00%,,,,,,,,,1,,1,,,,,,1,,,,,,,,,,,,,,,,,,,,,,Never Blocked,,
2781,ATBGHQ2VYNIVZ,https://gamma-requester.mturk.com/workers/ATBGHQ2VYNIVZ,1,1,100.00%,0,0,0.00%,0,0,0.00%,1,,,,,,,,,,,,,,,,100,,,,,,,,0,,0,,,,,,,,,,,,Never Blocked,,
2782,ATEL480BFZ1F6,https://gamma-requester.mturk.com/workers/ATEL480BFZ1F6,1,1,100.00%,0,0,0.00%,0,0,0.00%,1,,,,,,,,,,,,,,,,100,,,,,,,,0,,0,,,,,,1,,,,,,Never Blocked,,
2783,ATEP7MBBPIL37,https://gamma-requester.mturk.com/workers/ATEP7MBBPIL37,1,1,100.00%,0,0,0.00%,0,0,0.00%,1,,,,,,,,,,,,,,,,100,,,,,,,,0,,0,,,,,,,,,,1,,Never Blocked,,
2784,ATGR9DWEB0ZJL,https://gamma-requester.mturk.com/workers/ATGR9DWEB0ZJL,1,1,100.00%,0,0,0.00%,0,0,0.00%,1,,,,,,,,,,,,,,,,100,,,,,,,,0,,0,,,,,,,,,,,,Never Blocked,,
2785,ATH176GTV3ABP,https://gamma-requester.mturk.com/workers/ATH176GTV3ABP,1,1,100.00%,0,0,0.00%,0,0,0.00%,,,,,,,1,,,,,,,,,,,,,,,,,,,,,,,,,,,,,,,,Never Blocked,,
2786,ATHW6ABAU5RW1,https://gamma-requester.mturk.com/workers/ATHW6ABAU5RW1,1,1,100.00%,1,1,100.00%,0,0,0.00%,,,,,,,,,,,,,1,,,,,,,,,,,,,,,,,,,,,,,,,,Never Blocked,,
2787,ATJ92FYQX176Z,https://gamma-requester.mturk.com/workers/ATJ92FYQX176Z,1,1,100.00%,0,0,0.00%,0,0,0.00%,1,,,,,,,,,,,,,,,,100,,,,,,,,0,,0,,,,,,,,,,1,,Never Blocked,,
2788,ATJVY9O4CY5EX,https://gamma-requester.mturk.com/workers/ATJVY9O4CY5EX,1,1,100.00%,0,0,0.00%,0,0,0.00%,1,,,,,,,,,,,,,,,,100,,,,,,,,0,,0,,,,,,,,,,,,Never Blocked,,
2789,ATNY69UI91LMQ,https://gamma-requester.mturk.com/workers/ATNY69UI91LMQ,1,1,100.00%,0,0,0.00%,0,0,0.00%,,,,,,,,,,,,,,,,,1,,,,,,,,,,,,,,,,,,,,,,Never Blocked,,
2790,ATO97EQDSSE7U,https://gamma-requester.mturk.com/workers/ATO97EQDSSE7U,1,1,100.00%,0,0,0.00%,0,0,0.00%,,,,,,,,,,,,,,,,,1,,,,,,,,,,,,,,,,,,,,,,Never Blocked,,
2791,ATOUNVWV5W8W2,https://gamma-requester.mturk.com/workers/ATOUNVWV5W8W2,1,1,100.00%,0,0,0.00%,0,0,0.00%,,,,,,,,,,,,,,,,,100,,,,,,,,,,,,,,,,,,,,,,Never Blocked,,
2792,ATOV0H5KQHI29,https://gamma-requester.mturk.com/workers/ATOV0H5KQHI29,1,1,100.00%,0,0,0.00%,0,0,0.00%,1,,,,,,,,,,,,,,,,100,,,,,,,,0,,0,,,,,,1,,,,,,Never Blocked,,
2793,ATP0UFAVIANFL,https://gamma-requester.mturk.com/workers/ATP0UFAVIANFL,1,1,100.00%,0,0,0.00%,0,0,0.00%,,,,,,,,,,,,,,,,,,,,,,,,,,,,,,,,,,,1,,,,Never Blocked,,
2794,ATPW1MWLW7RBL,https://gamma-requester.mturk.com/workers/ATPW1MWLW7RBL,1,1,100.00%,0,0,0.00%,0,0,0.00%,,,,,,,,,,,,,,,1,,,,,,,,,,,,,,,,,,,,,,,,Never Blocked,,
2795,ATUS3Q9I9EJNZ,https://gamma-requester.mturk.com/workers/ATUS3Q9I9EJNZ,1,1,100.00%,0,0,0.00%,0,0,0.00%,,,,,,,,,,,,,,,,,,,,,,,,,,,,,,,,,,,,,,,Never Blocked,,
2796,ATW1TNWB1PVDQ,https://gamma-requester.mturk.com/workers/ATW1TNWB1PVDQ,1,1,100.00%,1,1,100.00%,0,0,0.00%,,,,,,,,,,,,,1,,,,,,,,,,,,,,,,,,,,,,,,,,Never Blocked,,
2797,ATY60N8IS31OT,https://gamma-requester.mturk.com/workers/ATY60N8IS31OT,1,1,100.00%,0,0,0.00%,0,0,0.00%,1,,,,,,,,,,,,,,,,100,,,,,,,,0,,0,,,,,,,,,,1,,Never Blocked,,
2798,ATZ6GERYJ2LSK,https://gamma-requester.mturk.com/workers/ATZ6GERYJ2LSK,1,1,100.00%,0,0,0.00%,0,0,0.00%,1,,,,,,,,,,,,,,,,100,,,,,,,,0,,0,,,,,,,,,,,,Never Blocked,,
2799,ATZUUPHDC1ZQY,https://gamma-requester.mturk.com/workers/ATZUUPHDC1ZQY,1,1,100.00%,0,0,0.00%,0,0,0.00%,,,,,,,,,,,,,,,,,,,,,,,,,,,,,,,,,,,,,,,Never Blocked,,
2800,AU34T9OMHN4Z4,https://gamma-requester.mturk.com/workers/AU34T9OMHN4Z4,2,2,100.00%,0,0,0.00%,0,0,0.00%,,,,,,,,,,,1,,,,,,1,,,,,,,,,,,,,,,,,,1,,,,Never Blocked,,
2801,AU4U0TY3J5SIK,https://gamma-requester.mturk.com/workers/AU4U0TY3J5SIK,1,1,100.00%,0,0,0.00%,0,0,0.00%,1,,,,,,,,,,,,,,,,100,,,,,,,,0,,0,,,,,,,,,,1,,Never Blocked,,
2802,AU5PEK5G8FOVM,https://gamma-requester.mturk.com/workers/AU5PEK5G8FOVM,2,1,50.00%,0,0,0.00%,0,0,0.00%,,,,,,,,,1,,,,,,,,1,,,,,,,,,,,,,,,,,,,,,,Never Blocked,,
2803,AU5UJIZ3TLI5M,https://gamma-requester.mturk.com/workers/AU5UJIZ3TLI5M,1,1,100.00%,0,0,0.00%,0,0,0.00%,1,,,,,,,,,,,,,,,,100,,,,,,,,0,,0,,,,,,,,,,,,Never Blocked,,
2804,AU6X92Y30ALJY,https://gamma-requester.mturk.com/workers/AU6X92Y30ALJY,2,2,100.00%,0,0,0.00%,0,0,0.00%,,,,,,,,,,,1,,,,,,1,,,,,,,,,,,,,,,,,,,,,,Never Blocked,,
2805,AU849EHZNGV2Z,https://gamma-requester.mturk.com/workers/AU849EHZNGV2Z,2,2,100.00%,0,0,0.00%,0,0,0.00%,1,,,,,,,,,,,,,,,,100,,,,,,,,0,,0,,,,,,,,,,,,Never Blocked,,
2806,AUB54U9A396QE,https://gamma-requester.mturk.com/workers/AUB54U9A396QE,1,1,100.00%,0,0,0.00%,0,0,0.00%,1,,,,,,,,,,,,,,,,100,,,,,,,,0,,0,,,,,,,,,,,,Never Blocked,,
2807,AUBEDYEM7ZEJZ,https://gamma-requester.mturk.com/workers/AUBEDYEM7ZEJZ,1,1,100.00%,0,0,0.00%,0,0,0.00%,1,,,,,,,,,,,,,,,,100,,,,,,,,0,,0,,,,,,1,,,,,,Never Blocked,,
2808,AUBKB2XCGMMGQ,https://gamma-requester.mturk.com/workers/AUBKB2XCGMMGQ,2,2,100.00%,0,0,0.00%,0,0,0.00%,,,,,,,,,1,,,,,,,,1,,,,,,,,,,,,,,,,,,,,,,Never Blocked,,
2809,AUFUUD4WG9CVO,https://gamma-requester.mturk.com/workers/AUFUUD4WG9CVO,1,1,100.00%,0,0,0.00%,0,0,0.00%,1,,,,,,,,,,,,,,,,100,,,,,,,,0,,0,,,,,,,,,,1,,Never Blocked,,
2810,AUGML2ZY46M47,https://gamma-requester.mturk.com/workers/AUGML2ZY46M47,1,0,0.00%,0,0,0.00%,0,0,0.00%,,,,,,,,,,,,,,,,,1,,,,,,,,,,,,,,,,,,,,,,Never Blocked,,
2811,AUI6VWQB3F8GE,https://gamma-requester.mturk.com/workers/AUI6VWQB3F8GE,1,1,100.00%,0,0,0.00%,0,0,0.00%,1,,,,,,,,,,,,,,,,100,,,,,,,,0,,0,,,,,,,,,,1,,Never Blocked,,
2812,AULLJBJ252TKH,https://gamma-requester.mturk.com/workers/AULLJBJ252TKH,1,1,100.00%,0,0,0.00%,0,0,0.00%,,,,,,,,,,,,,,,1,,,,,,,,,,,,,,,,,,,,,,,,Never Blocked,,
2813,AULTAU26PZJNY,https://gamma-requester.mturk.com/workers/AULTAU26PZJNY,1,1,100.00%,1,1,100.00%,0,0,0.00%,,,,,,,,,,,,,1,,,,,,,,,,,,,,,,,,,,,,,,,,Never Blocked,,
2814,AUOOM0L9EM9KW,https://gamma-requester.mturk.com/workers/AUOOM0L9EM9KW,1,1,100.00%,0,0,0.00%,0,0,0.00%,1,,,,,,,,,,,,,,,,100,,,,,,,,0,,0,,,,,,,,,,,,Never Blocked,,
2815,AUQ3XC7O2CU5U,https://gamma-requester.mturk.com/workers/AUQ3XC7O2CU5U,4,4,100.00%,1,1,100.00%,1,1,100.00%,,,,,,,,,,,,,1,,1,,,,,,,,1,,,,,,,,,,,,,,,,Never Blocked,,
2816,AUQTHU5AOZVQC,https://gamma-requester.mturk.com/workers/AUQTHU5AOZVQC,1,1,100.00%,0,0,0.00%,0,0,0.00%,1,,,,,,,,,,,,,,,,100,,,,,,,,0,,0,,,,,,,,,,,,Never Blocked,,
2817,AUT0SX0WPA4YR,https://gamma-requester.mturk.com/workers/AUT0SX0WPA4YR,4,4,100.00%,0,0,0.00%,0,0,0.00%,1,,,,,,,,,,,,,,,,100,,,,,,,,0,,1,,1,,1,,1,,,,,,Never Blocked,,
2818,AUZP4FPD6UTNU,https://gamma-requester.mturk.com/workers/AUZP4FPD6UTNU,6,6,100.00%,1,1,100.00%,0,0,0.00%,,,,,,,,,,,1,,1,,,,1,,,,1,,,,,,,,,,,,,,,,,,Never Blocked,,
2819,AUZQIVJPQ4DCJ,https://gamma-requester.mturk.com/workers/AUZQIVJPQ4DCJ,4,4,100.00%,0,0,0.00%,0,0,0.00%,1,,,,,,,,,,,,,,,,100,,,,,,,,0,,1,,1,,1,,1,,,,,,Never Blocked,,
2820,AUZXHSWDT1PYQ,https://gamma-requester.mturk.com/workers/AUZXHSWDT1PYQ,1,1,100.00%,0,0,0.00%,0,0,0.00%,1,,,,,,,,,,,,,,,,100,,,,,,,,0,,0,,,,,,,,,,,,Never Blocked,,
2821,AV0KMH4HKQBGK,https://gamma-requester.mturk.com/workers/AV0KMH4HKQBGK,1,1,100.00%,0,0,0.00%,0,0,0.00%,,,,,,,,,,,1,,,,,,1,,,,,,,,,,,,,,,,,,,,,,Never Blocked,,
2822,AV3LN2EMUI4LG,https://gamma-requester.mturk.com/workers/AV3LN2EMUI4LG,1,1,100.00%,0,0,0.00%,0,0,0.00%,1,,,,,,,,,,,,,,,,100,,,,,,,,0,,0,,,,,,,,,,1,,Never Blocked,,
2823,AV3SDPGK4SMIM,https://gamma-requester.mturk.com/workers/AV3SDPGK4SMIM,1,1,100.00%,0,0,0.00%,0,0,0.00%,,,,,,,,,,,,,,,,,1,,,,,,,,,,,,,,,,,,,,,,Never Blocked,,
2824,AV44BFN9V0H5F,https://gamma-requester.mturk.com/workers/AV44BFN9V0H5F,1,1,100.00%,0,0,0.00%,0,0,0.00%,1,,,,,,,,,,,,,,,,100,,,,,,,,0,,0,,,,,,,,,,,,Never Blocked,,
2825,AV4WEZ2W0KSAJ,https://gamma-requester.mturk.com/workers/AV4WEZ2W0KSAJ,1,1,100.00%,0,0,0.00%,0,0,0.00%,,,,,,,,,,,,,,,,,1,,,,,,,,,,,,,,,,,,,,,,Never Blocked,,
2826,AV5FCKI1TTSKR,https://gamma-requester.mturk.com/workers/AV5FCKI1TTSKR,1,1,100.00%,0,0,0.00%,0,0,0.00%,1,,,,,,,,,,,,,,,,100,,,,,,,,0,,0,,,,,,,,,,1,,Never Blocked,,
2827,AV7A20KYBTQHL,https://gamma-requester.mturk.com/workers/AV7A20KYBTQHL,5,5,100.00%,0,0,0.00%,0,0,0.00%,1,,,,,,,,,,,,,,,,100,,,,,,,,1,,1,,1,,1,,1,,,,,,Never Blocked,,
2828,AVCOBHDVXZOZL,https://gamma-requester.mturk.com/workers/AVCOBHDVXZOZL,1,1,100.00%,0,0,0.00%,0,0,0.00%,1,,,,,,,,,,,,,,,,100,,,,,,,,0,,0,,,,,,,,,,,,Never Blocked,,
2829,AVD6HMIO1HLFI,https://gamma-requester.mturk.com/workers/AVD6HMIO1HLFI,1,1,100.00%,0,0,0.00%,0,0,0.00%,1,,,,,,,,,,,,,,,,100,,,,,,,,0,,0,,,,,,,,,,1,,Never Blocked,,
2830,AVDP5ZYZU2O6O,https://gamma-requester.mturk.com/workers/AVDP5ZYZU2O6O,1,1,100.00%,0,0,0.00%,0,0,0.00%,1,,,,,,,,,,,,,,,,100,,,,,,,,0,,0,,,,,,1,,,,,,Never Blocked,,
2831,AVECEQZUQOJJC,https://gamma-requester.mturk.com/workers/AVECEQZUQOJJC,1,1,100.00%,0,0,0.00%,0,0,0.00%,,,,,,,,,,,,,,,,,,,,,,,,,,,,,,,,,,,1,,,,Never Blocked,,
2832,AVEJOYXMU4K25,https://gamma-requester.mturk.com/workers/AVEJOYXMU4K25,1,1,100.00%,0,0,0.00%,0,0,0.00%,1,,,,,,,,,,,,,,,,100,,,,,,,,0,,0,,,,,,1,,,,,,Never Blocked,,
2833,AVGYS8X831LCK,https://gamma-requester.mturk.com/workers/AVGYS8X831LCK,1,1,100.00%,0,0,0.00%,0,0,0.00%,,,,,,,,,,,,,,,,,,,,,,,,,,,,,,,,,,,,,,,Never Blocked,,
2834,AVK8FE2J4KJ9U,https://gamma-requester.mturk.com/workers/AVK8FE2J4KJ9U,2,2,100.00%,0,0,0.00%,0,0,0.00%,,,,,,,1,,,,,,,,,,,,,,,,,,,,,,,,,,,,1,,,,Never Blocked,,
2835,AVKMFV9CZ0MLR,https://gamma-requester.mturk.com/workers/AVKMFV9CZ0MLR,1,1,100.00%,0,0,0.00%,0,0,0.00%,1,,,,,,,,,,,,,,,,100,,,,,,,,0,,0,,,,,,,,,,,,Never Blocked,,
2836,AVMRKYJNOVUL,https://gamma-requester.mturk.com/workers/AVMRKYJNOVUL,1,1,100.00%,0,0,0.00%,0,0,0.00%,,,,,,,,,,,,,,,1,,,,,,,,,,,,,,,,,,,,,,,,Never Blocked,,
2837,AVP8OEUW3NB4D,https://gamma-requester.mturk.com/workers/AVP8OEUW3NB4D,1,1,100.00%,0,0,0.00%,0,0,0.00%,,,,,,,,,,,,,,,,,1,,,,,,,,,,,,,,,,,,,,,,Never Blocked,,
2838,AVQPJBYQM5Z6Y,https://gamma-requester.mturk.com/workers/AVQPJBYQM5Z6Y,1,1,100.00%,0,0,0.00%,0,0,0.00%,1,,,,,,,,,,,,,,,,100,,,,,,,,0,,0,,,,,,1,,,,,,Never Blocked,,
2839,AVSPYLB9KOHMX,https://gamma-requester.mturk.com/workers/AVSPYLB9KOHMX,5,5,100.00%,0,0,0.00%,0,0,0.00%,,,,,,,1,,1,,,,,,,,1,,,,1,,,,,,,,,,,,,,,,,,Never Blocked,,
2840,AVWLRXLCI0FH8,https://gamma-requester.mturk.com/workers/AVWLRXLCI0FH8,4,4,100.00%,0,0,0.00%,0,0,0.00%,1,,,,,,,,,,,,,,,,100,,,,,,,,0,,1,,1,,1,,1,,,,,,Never Blocked,,
2841,AVX0V2ZLYQW3M,https://gamma-requester.mturk.com/workers/AVX0V2ZLYQW3M,3,3,100.00%,1,1,100.00%,0,0,0.00%,,,,,,,,,,,,,1,,1,,,,,,,,1,,,,,,,,,,,,,,,,Never Blocked,,
2842,AVZRZOK0F26P6,https://gamma-requester.mturk.com/workers/AVZRZOK0F26P6,1,1,100.00%,0,0,0.00%,0,0,0.00%,,,,,,,,,1,,,,,,,,1,,,,,,,,,,,,,,,,,,,,,,Never Blocked,,
2843,AW07POT8ABE05,https://gamma-requester.mturk.com/workers/AW07POT8ABE05,2,2,100.00%,0,0,0.00%,0,0,0.00%,,,,,,,,,,,,,,,1,,,,,,,,1,,,,,,,,,,,,,,,,Never Blocked,,
2844,AW1EN7PL054OB,https://gamma-requester.mturk.com/workers/AW1EN7PL054OB,1,1,100.00%,0,0,0.00%,0,0,0.00%,,,,,,,,,,,,,,,,,,,,,,,,,,,,,,,,,,,,,,,Never Blocked,,
2845,AW4N0JPYAS2I2,https://gamma-requester.mturk.com/workers/AW4N0JPYAS2I2,1,1,100.00%,0,0,0.00%,0,0,0.00%,,,,,,,,,,,,,,,,,1,,,,,,,,,,,,,,,,,,,,,,Never Blocked,,
2846,AW5O1RK3W60FC,https://gamma-requester.mturk.com/workers/AW5O1RK3W60FC,3,3,100.00%,1,1,100.00%,0,0,0.00%,,,1,,,,1,,,,,,1,,,,,,,,,,,,,,,,,,,,,,1,,,,Never Blocked,,
2847,AW6X4SVR46EDJ,https://gamma-requester.mturk.com/workers/AW6X4SVR46EDJ,1,1,100.00%,0,0,0.00%,0,0,0.00%,1,,,,,,,,,,,,,,,,100,,,,,,,,0,,0,,,,,,,,,,,,Never Blocked,,
2848,AW9ODYOD9PYHX,https://gamma-requester.mturk.com/workers/AW9ODYOD9PYHX,1,1,100.00%,0,0,0.00%,0,0,0.00%,,,,,,,,,,,,,,,,,,,,,,,,,,,,,,,,,,,,,,,Never Blocked,,
2849,AW9T591E49DCX,https://gamma-requester.mturk.com/workers/AW9T591E49DCX,3,3,100.00%,0,0,0.00%,0,0,0.00%,,,,,,,,,,,1,,,,,,1,,,,1,,,,,,,,,,,,,,1,,,,Never Blocked,,
2850,AW9UHZXPC8QV1,https://gamma-requester.mturk.com/workers/AW9UHZXPC8QV1,1,1,100.00%,0,0,0.00%,0,0,0.00%,1,,,,,,,,,,,,,,,,100,,,,,,,,0,,0,,,,,,,,,,,,Never Blocked,,
2851,AWC8CYV72QOLL,https://gamma-requester.mturk.com/workers/AWC8CYV72QOLL,1,1,100.00%,0,0,0.00%,0,0,0.00%,,,,,,,,,,,,,,,,,100,,,,,,,,,,,,,,,,,,,,,,Never Blocked,,
2852,AWCAVTZ0GI7OA,https://gamma-requester.mturk.com/workers/AWCAVTZ0GI7OA,3,3,100.00%,0,0,0.00%,0,0,0.00%,1,,,,,,,,,,,,,,,,100,,,,,,,,0,,0,,1,,1,,1,,,,,,Never Blocked,,
2853,AWE03WA0TB44K,https://gamma-requester.mturk.com/workers/AWE03WA0TB44K,1,1,100.00%,0,0,0.00%,0,0,0.00%,1,,,,,,,,,,,,,,,,100,,,,,,,,0,,0,,,,,,,,,,,,Never Blocked,,
2854,AWG17Q6SD22GM,https://gamma-requester.mturk.com/workers/AWG17Q6SD22GM,1,1,100.00%,0,0,0.00%,0,0,0.00%,,,,,,,,,,,,,,,,,1,,,,,,,,,,,,,,,,,,,,,,Never Blocked,,
2855,AWGNBPBMKCGAP,https://gamma-requester.mturk.com/workers/AWGNBPBMKCGAP,1,1,100.00%,1,1,100.00%,1,1,100.00%,,,,,,,,,,,,,1,,,,,,,,,,,,,,,,,,,,,,,,,,Never Blocked,,
2856,AWIF3UAIE0O80,https://gamma-requester.mturk.com/workers/AWIF3UAIE0O80,3,3,100.00%,0,0,0.00%,0,0,0.00%,,,,,,,,,,,1,,,,,,1,,,,,,,,,,,,,,,,,,,,,,Never Blocked,,
2857,AWIUYK2925GQF,https://gamma-requester.mturk.com/workers/AWIUYK2925GQF,0,0,0.00%,0,0,0.00%,0,0,0.00%,,,,,,,,,,,,,,1,,,,,,,,,,,,,,,,,,,,,,,,,Never Blocked,,
2858,AWJKR5GA7BS7V,https://gamma-requester.mturk.com/workers/AWJKR5GA7BS7V,2,2,100.00%,0,0,0.00%,0,0,0.00%,,,,,,,,,,,,,,,1,,,,,,,,1,,,,,,,,,,,,,,,,Never Blocked,,
2859,AWJYBW0NUQFP3,https://gamma-requester.mturk.com/workers/AWJYBW0NUQFP3,1,1,100.00%,0,0,0.00%,0,0,0.00%,,,,,,,,,,,,,,,,,100,,,,,,,,,,,,,,,,,,,,,,Never Blocked,,
2860,AWKJNQMK70BH3,https://gamma-requester.mturk.com/workers/AWKJNQMK70BH3,1,1,100.00%,0,0,0.00%,0,0,0.00%,,,,,,,,,,,,,,,,,1,,,,,,,,,,,,,,,,,,,,,,Never Blocked,,
2861,AWN1PEZWRQSQ9,https://gamma-requester.mturk.com/workers/AWN1PEZWRQSQ9,1,1,100.00%,0,0,0.00%,0,0,0.00%,1,,,,,,,,,,,,,,,,100,,,,,,,,0,,0,,,,,,,,,,1,,Never Blocked,,
2862,AWNQ9E62XRB0O,https://gamma-requester.mturk.com/workers/AWNQ9E62XRB0O,1,1,100.00%,0,0,0.00%,0,0,0.00%,1,,,,,,,,,,,,,,,,100,,,,,,,,0,,0,,,,,,,,,,1,,Never Blocked,,
2863,AWOL38XDW8O9,https://gamma-requester.mturk.com/workers/AWOL38XDW8O9,1,1,100.00%,0,0,0.00%,0,0,0.00%,,,,,,,,,,,,,,,1,,,,,,,,,,,,,,,,,,,,,,,,Never Blocked,,
2864,AWRRM9NRX4TZX,https://gamma-requester.mturk.com/workers/AWRRM9NRX4TZX,2,2,100.00%,0,0,0.00%,0,0,0.00%,,,,,,,,,,,1,,,,,,1,,,,,,,,,,,,,,,,,,,,,,Never Blocked,,
2865,AWSG11RH1PY2I,https://gamma-requester.mturk.com/workers/AWSG11RH1PY2I,2,2,100.00%,0,0,0.00%,0,0,0.00%,,,,,,,,,1,,,,,,,,1,,,,,,,,,,,,,,,,,,,,,,Never Blocked,,
2866,AWT023NSAEQLX,https://gamma-requester.mturk.com/workers/AWT023NSAEQLX,1,1,100.00%,0,0,0.00%,0,0,0.00%,,,,,,,,,,,,,,,,,100,,,,,,,,,,,,,,,,,,,,,,Never Blocked,,
2867,AWWBF2RVU8HNM,https://gamma-requester.mturk.com/workers/AWWBF2RVU8HNM,2,2,100.00%,0,0,0.00%,0,0,0.00%,,,,,,,,,1,,,,,,,,1,,,,,,,,,,,,,,,,,,,,,,Never Blocked,,
2868,AWXP5WTDRP5L8,https://gamma-requester.mturk.com/workers/AWXP5WTDRP5L8,1,1,100.00%,0,0,0.00%,0,0,0.00%,,,,,,,,,,,,,,,,,1,,,,,,,,,,,,,,,,,,,,,,Never Blocked,,
2869,AWZU5RID4SI58,https://gamma-requester.mturk.com/workers/AWZU5RID4SI58,1,1,100.00%,0,0,0.00%,0,0,0.00%,1,,,,,,,,,,,,,,,,100,,,,,,,,0,,0,,,,,,,,,,,,Never Blocked,,
2870,AX27MR7AMU52H,https://gamma-requester.mturk.com/workers/AX27MR7AMU52H,1,1,100.00%,0,0,0.00%,0,0,0.00%,,,,,,,,,,,,,,,,,,,,,,,,,,,,,,,,,,,1,,,,Never Blocked,,
2871,AX3KFUB3F8VOU,https://gamma-requester.mturk.com/workers/AX3KFUB3F8VOU,3,2,66.67%,0,0,0.00%,0,0,0.00%,,,,,,,,,,,1,,,,,,1,,,,,,,,,,,,,,,,,,,,,,Never Blocked,,
2872,AX4KVE25EJ69K,https://gamma-requester.mturk.com/workers/AX4KVE25EJ69K,1,1,100.00%,0,0,0.00%,0,0,0.00%,1,,,,,,,,,,,,,,,,100,,,,,,,,0,,0,,,,,,,,,,1,,Never Blocked,,
2873,AX74C4S7OTGGI,https://gamma-requester.mturk.com/workers/AX74C4S7OTGGI,1,1,100.00%,1,1,100.00%,1,1,100.00%,,,,,,,,,,,,,1,,,,,,,,,,,,,,,,,,,,,,,,,,Never Blocked,,
2874,AX7K5UODLEK72,https://gamma-requester.mturk.com/workers/AX7K5UODLEK72,1,1,100.00%,0,0,0.00%,0,0,0.00%,1,,,,,,,,,,,,,,,,100,,,,,,,,0,,0,,,,,,1,,,,,,Never Blocked,,
2875,AX7OSIXM5K9TR,https://gamma-requester.mturk.com/workers/AX7OSIXM5K9TR,4,4,100.00%,0,0,0.00%,0,0,0.00%,1,,,,,,,,,,,,,,,,100,,,,,,,,0,,0,,1,,1,,1,,,,,,Never Blocked,,
2876,AX8XE3GEOP5D,https://gamma-requester.mturk.com/workers/AX8XE3GEOP5D,1,1,100.00%,0,0,0.00%,0,0,0.00%,1,,,,,,,,,,,,,,,,100,,,,,,,,0,,0,,,,,,,,,,,,Never Blocked,,
2877,AX9HK763TTV7J,https://gamma-requester.mturk.com/workers/AX9HK763TTV7J,2,2,100.00%,0,0,0.00%,0,0,0.00%,1,,,,,,,,,,,,,,,,100,,,,,,,,0,,0,,,,1,,1,,,,,,Never Blocked,,
2878,AX9LZ0N55O19E,https://gamma-requester.mturk.com/workers/AX9LZ0N55O19E,2,2,100.00%,0,0,0.00%,0,0,0.00%,,,,,,,,,,,,,,,,,100,,,,1,,,,,,,,,,,,,,,,,,Never Blocked,,
2879,AXA1G5JO6F0JU,https://gamma-requester.mturk.com/workers/AXA1G5JO6F0JU,1,1,100.00%,0,0,0.00%,0,0,0.00%,,,,,,,,,,,,,,,,,,,,,,,,,,,,,,,,,,,,,,,Never Blocked,,
2880,AXAF4OJOJ4P6I,https://gamma-requester.mturk.com/workers/AXAF4OJOJ4P6I,3,3,100.00%,0,0,0.00%,0,0,0.00%,1,,,,,,,,,,,,,,,,100,,,,,,,,0,,0,,1,,1,,1,,,,,,Never Blocked,,
2881,AXDMLFLMY90IH,https://gamma-requester.mturk.com/workers/AXDMLFLMY90IH,1,1,100.00%,0,0,0.00%,0,0,0.00%,1,,,,,,,,,,,,,,,,100,,,,,,,,0,,0,,,,,,,,,,,,Never Blocked,,
2882,AXFB4XBUKNE07,https://gamma-requester.mturk.com/workers/AXFB4XBUKNE07,4,4,100.00%,0,0,0.00%,0,0,0.00%,1,,,,,,,,,,,,,,,,100,,,,,,,,0,,1,,1,,1,,1,,,,,,Never Blocked,,
2883,AXLHYKARXUTKD,https://gamma-requester.mturk.com/workers/AXLHYKARXUTKD,1,1,100.00%,0,0,0.00%,0,0,0.00%,1,,,,,,,,,,,,,,,,100,,,,,,,,0,,0,,,,,,,,,,,,Never Blocked,,
2884,AXMFUV0WCCFQB,https://gamma-requester.mturk.com/workers/AXMFUV0WCCFQB,1,1,100.00%,0,0,0.00%,0,0,0.00%,,,,,,,,,,,,,,,,,,,,,,,,,,,,,,,,,,,,,,,Never Blocked,,
2885,AXO22N46CSNVT,https://gamma-requester.mturk.com/workers/AXO22N46CSNVT,1,1,100.00%,0,0,0.00%,0,0,0.00%,1,,,,,,,,,,,,,,,,100,,,,,,,,0,,0,,,,,,,,,,1,,Never Blocked,,
2886,AXO7SR3X4HY5H,https://gamma-requester.mturk.com/workers/AXO7SR3X4HY5H,1,1,100.00%,0,0,0.00%,0,0,0.00%,,,,,,,,,,,,,,,,,,,,,,,,,,,,,,,,,,,,,,,Never Blocked,,
2887,AXOJYPR75TD9X,https://gamma-requester.mturk.com/workers/AXOJYPR75TD9X,2,1,50.00%,0,0,0.00%,0,0,0.00%,,,,,,,1,,,,,,,,,,,,,,,,,,,,,,,,,,,,1,,,,Never Blocked,,
2888,AXPZAP62ZYWP8,https://gamma-requester.mturk.com/workers/AXPZAP62ZYWP8,2,2,100.00%,0,0,0.00%,0,0,0.00%,,,,,,,,,,,,,,,,,,,,,1,,,,,,,,,,,,,,1,,,,Never Blocked,,
2889,AXQ48BT2Y7JU9,https://gamma-requester.mturk.com/workers/AXQ48BT2Y7JU9,0,0,0.00%,0,0,0.00%,0,0,0.00%,,,,,,,,,,,,,,1,,,,,,,,,,,,,,,,,,,,,,,,,Never Blocked,,
2890,AXQAPTJ3L58OP,https://gamma-requester.mturk.com/workers/AXQAPTJ3L58OP,1,1,100.00%,0,0,0.00%,0,0,0.00%,1,,,,,,,,,,,,,,,,100,,,,,,,,0,,0,,,,,,,,,,,,Never Blocked,,
2891,AXRKMY986KA6P,https://gamma-requester.mturk.com/workers/AXRKMY986KA6P,3,3,100.00%,0,0,0.00%,0,0,0.00%,1,,,,,,,,,,,,,,,,100,,,,,,,,0,,0,,,,1,,1,,,,,,Never Blocked,,
2892,AXSBX0MCQNG3A,https://gamma-requester.mturk.com/workers/AXSBX0MCQNG3A,1,1,100.00%,0,0,0.00%,0,0,0.00%,,,,,,,,,,,,,,,,,1,,,,,,,,,,,,,,,,,,,,,,Never Blocked,,
2893,AXTIQHZSLC0FE,https://gamma-requester.mturk.com/workers/AXTIQHZSLC0FE,1,1,100.00%,0,0,0.00%,0,0,0.00%,,,,,,,,,,,,,,,,,100,,,,,,,,,,,,,,,,,,,,,,Never Blocked,,
2894,AXV2CA5TY066N,https://gamma-requester.mturk.com/workers/AXV2CA5TY066N,1,1,100.00%,0,0,0.00%,0,0,0.00%,1,,,,,,,,,,,,,,,,100,,,,,,,,0,,0,,,,,,1,,,,,,Never Blocked,,
2895,AXWTEW5XNGZEJ,https://gamma-requester.mturk.com/workers/AXWTEW5XNGZEJ,1,1,100.00%,0,0,0.00%,0,0,0.00%,1,,,,,,,,,,,,,,,,100,,,,,,,,0,,0,,,,,,1,,,,,,Never Blocked,,
2896,AXX99IOR1D45Q,https://gamma-requester.mturk.com/workers/AXX99IOR1D45Q,1,1,100.00%,0,0,0.00%,0,0,0.00%,1,,,,,,,,,,,,,,,,100,,,,,,,,0,,0,,,,,,,,,,1,,Never Blocked,,
2897,AXXA481XH6FKE,https://gamma-requester.mturk.com/workers/AXXA481XH6FKE,1,1,100.00%,0,0,0.00%,0,0,0.00%,1,,,,,,,,,,,,,,,,100,,,,,,,,0,,0,,,,,,,,,,1,,Never Blocked,,
2898,AXYJGWQB94E8O,https://gamma-requester.mturk.com/workers/AXYJGWQB94E8O,3,3,100.00%,0,0,0.00%,0,0,0.00%,1,,,,,,,,,,,,,,,,100,,,,,,,,0,,0,,1,,1,,1,,,,,,Never Blocked,,
2899,AY0UYC0GRJLMF,https://gamma-requester.mturk.com/workers/AY0UYC0GRJLMF,1,1,100.00%,0,0,0.00%,0,0,0.00%,1,,,,,,,,,,,,,,,,100,,,,,,,,0,,0,,,,,,,,,,,,Never Blocked,,
2900,AY1DFLTV8803D,https://gamma-requester.mturk.com/workers/AY1DFLTV8803D,1,1,100.00%,0,0,0.00%,0,0,0.00%,1,,,,,,,,,,,,,,,,100,,,,,,,,0,,0,,,,,,,,,,,,Never Blocked,,
2901,AY1NVR3M3GYCI,https://gamma-requester.mturk.com/workers/AY1NVR3M3GYCI,1,1,100.00%,0,0,0.00%,0,0,0.00%,1,,,,,,,,,,,,,,,,100,,,,,,,,0,,0,,,,,,,,,,1,,Never Blocked,,
2902,AY3JOEWZT0APP,https://gamma-requester.mturk.com/workers/AY3JOEWZT0APP,4,4,100.00%,0,0,0.00%,0,0,0.00%,,,,,,,1,,,,,,,,1,,1,,,,,,,,,,,,,,,,,,1,,,,Never Blocked,,
2903,AY5RZ1VXQT56L,https://gamma-requester.mturk.com/workers/AY5RZ1VXQT56L,1,1,100.00%,0,0,0.00%,0,0,0.00%,,,,,,,,,,,,,,,1,,,,,,,,,,,,,,,,,,,,,,,,Never Blocked,,
2904,AY5WYV3L02AXW,https://gamma-requester.mturk.com/workers/AY5WYV3L02AXW,1,1,100.00%,0,0,0.00%,0,0,0.00%,1,,,,,,,,,,,,,,,,100,,,,,,,,0,,0,,,,,,,,,,1,,Never Blocked,,
2905,AY6EYIDUN6SI1,https://gamma-requester.mturk.com/workers/AY6EYIDUN6SI1,5,5,100.00%,0,0,0.00%,0,0,0.00%,1,,,,,,,,,,,,,,,,100,,,,,,,,1,,1,,1,,1,,1,,,,,,Never Blocked,,
2906,AY7WPVKHVNBLG,https://gamma-requester.mturk.com/workers/AY7WPVKHVNBLG,1,1,100.00%,0,0,0.00%,0,0,0.00%,1,,,,,,,,,,,,,,,,100,,,,,,,,0,,0,,,,,,1,,,,,,Never Blocked,,
2907,AYCD7UMZHW4WD,https://gamma-requester.mturk.com/workers/AYCD7UMZHW4WD,1,1,100.00%,0,0,0.00%,0,0,0.00%,,,,,,,,,,,,,,,,,,,,,,,,,,,,,,,,,,,1,,,,Never Blocked,,
2908,AYECXBANNBYIL,https://gamma-requester.mturk.com/workers/AYECXBANNBYIL,2,2,100.00%,0,0,0.00%,0,0,0.00%,,,,,,,,,,,,,,,1,,,,,,,,1,,,,,,,,,,,,,,,,Never Blocked,,
2909,AYEEKFSGE2CCO,https://gamma-requester.mturk.com/workers/AYEEKFSGE2CCO,2,2,100.00%,0,0,0.00%,0,0,0.00%,1,,,,,,,,,,,,,,,,100,,,,,,,,0,,0,,,,1,,1,,,,,,Never Blocked,,
2910,AYET8YADELIIA,https://gamma-requester.mturk.com/workers/AYET8YADELIIA,2,2,100.00%,0,0,0.00%,0,0,0.00%,,,,,,,,,,,1,,,,,,1,,,,,,,,,,,,,,,,,,,,,,Never Blocked,,
2911,AYG8B3ZK9K6E4,https://gamma-requester.mturk.com/workers/AYG8B3ZK9K6E4,1,1,100.00%,0,0,0.00%,0,0,0.00%,1,,,,,,,,,,,,,,,,100,,,,,,,,0,,0,,,,,,1,,,,,,Never Blocked,,
2912,AYHK8DTZONHKC,https://gamma-requester.mturk.com/workers/AYHK8DTZONHKC,1,1,100.00%,0,0,0.00%,0,0,0.00%,1,,,,,,,,,,,,,,,,100,,,,,,,,0,,0,,,,,,,,,,1,,Never Blocked,,
2913,AYKPGFX6AZ88X,https://gamma-requester.mturk.com/workers/AYKPGFX6AZ88X,3,3,100.00%,0,0,0.00%,0,0,0.00%,1,,,,,,,,,,,,,,,,100,,,,,,,,0,,0,,1,,1,,1,,,,,,Never Blocked,,
2914,AYKZ9H4BNW810,https://gamma-requester.mturk.com/workers/AYKZ9H4BNW810,1,1,100.00%,0,0,0.00%,0,0,0.00%,1,,,,,,,,,,,,,,,,100,,,,,,,,0,,0,,,,,,,,,,1,,Never Blocked,,
2915,AYOXZN5JZIHDT,https://gamma-requester.mturk.com/workers/AYOXZN5JZIHDT,1,1,100.00%,0,0,0.00%,0,0,0.00%,1,,,,,,,,,,,,,,,,100,,,,,,,,0,,0,,,,,,,,,,,,Never Blocked,,
2916,AYUR63TSX4ENS,https://gamma-requester.mturk.com/workers/AYUR63TSX4ENS,2,1,50.00%,0,0,0.00%,0,0,0.00%,1,,,,,,,,,,,,,,,,100,,,,,,,,0,,0,,,,,,,,,,,,Never Blocked,,
2917,AYWHJVYLOA2B5,https://gamma-requester.mturk.com/workers/AYWHJVYLOA2B5,1,1,100.00%,0,0,0.00%,0,0,0.00%,,,,,,,,,,,,,,,,,,,,,,,,,,,,,,,,,,,1,,,,Never Blocked,,
2918,AYYSG3O9FNU15,https://gamma-requester.mturk.com/workers/AYYSG3O9FNU15,5,5,100.00%,0,0,0.00%,0,0,0.00%,1,,,,,,,,,,,,,,,,100,,,,,,,,1,,1,,1,,1,,1,,,,,,Never Blocked,,
2919,AZ2P6DGG5M6SH,https://gamma-requester.mturk.com/workers/AZ2P6DGG5M6SH,1,1,100.00%,0,0,0.00%,0,0,0.00%,1,,,,,,,,,,,,,,,,100,,,,,,,,0,,0,,,,,,,,,,1,,Never Blocked,,
2920,AZ35WMIEU4RRK,https://gamma-requester.mturk.com/workers/AZ35WMIEU4RRK,1,1,100.00%,0,0,0.00%,0,0,0.00%,,,,,,,,,,,,,,,,,100,,,,,,,,,,,,,,,,,,,,,,Never Blocked,,
2921,AZ5KAKZR0CVR,https://gamma-requester.mturk.com/workers/AZ5KAKZR0CVR,1,1,100.00%,0,0,0.00%,0,0,0.00%,,,,,,,,,,,,,,,,,100,,,,,,,,,,,,,,,,,,,,,,Never Blocked,,
2922,AZ5ZYUCAQ0XDL,https://gamma-requester.mturk.com/workers/AZ5ZYUCAQ0XDL,1,1,100.00%,0,0,0.00%,0,0,0.00%,1,,,,,,,,,,,,,,,,100,,,,,,,,0,,0,,,,,,,,,,,,Never Blocked,,
2923,AZ69TBTDH7AZS,https://gamma-requester.mturk.com/workers/AZ69TBTDH7AZS,1,1,100.00%,0,0,0.00%,0,0,0.00%,,,,,,,,,,,,,,,,,1,,,,,,,,,,,,,,,,,,,,,,Never Blocked,,
2924,AZ87BZ1LEEZVS,https://gamma-requester.mturk.com/workers/AZ87BZ1LEEZVS,1,1,100.00%,0,0,0.00%,0,0,0.00%,,,,,,,,,,,,,,,,,100,,,,,,,,,,,,,,,,,,,,,,Never Blocked,,
2925,AZ8JL3QNIPY4U,https://gamma-requester.mturk.com/workers/AZ8JL3QNIPY4U,1,1,100.00%,0,0,0.00%,0,0,0.00%,1,,,,,,,,,,,,,,,,100,,,,,,,,0,,0,,,,,,,,,,1,,Never Blocked,,
2926,AZCGF2D7QIO10,https://gamma-requester.mturk.com/workers/AZCGF2D7QIO10,2,2,100.00%,0,0,0.00%,0,0,0.00%,1,,,,,,,,,,,,,,,,100,,,,,,,,0,,0,,,,,,,,,,1,,Never Blocked,,
2927,AZD5EFRI6AB7X,https://gamma-requester.mturk.com/workers/AZD5EFRI6AB7X,2,2,100.00%,0,0,0.00%,0,0,0.00%,,,,,,,,,,,,,,,,,100,,,,,,,,,,,,,,,,,,,,,,Never Blocked,,
2928,AZG3ZFBPSL91I,https://gamma-requester.mturk.com/workers/AZG3ZFBPSL91I,1,1,100.00%,0,0,0.00%,0,0,0.00%,1,,,,,,,,,,,,,,,,100,,,,,,,,0,,0,,,,,,1,,,,,,Never Blocked,,
2929,AZHW79PH959WU,https://gamma-requester.mturk.com/workers/AZHW79PH959WU,1,1,100.00%,0,0,0.00%,0,0,0.00%,1,,,,,,,,,,,,,,,,100,,,,,,,,0,,0,,,,,,,,,,1,,Never Blocked,,
2930,AZIAQJWXTSFUX,https://gamma-requester.mturk.com/workers/AZIAQJWXTSFUX,1,1,100.00%,0,0,0.00%,0,0,0.00%,1,,,,,,,,,,,,,,,,100,,,,,,,,0,,0,,,,,,1,,,,,,Never Blocked,,
2931,AZMOA8ONG0D2U,https://gamma-requester.mturk.com/workers/AZMOA8ONG0D2U,1,1,100.00%,0,0,0.00%,0,0,0.00%,1,,,,,,,,,,,,,,,,100,,,,,,,,0,,0,,,,,,,,,,1,,Never Blocked,,
2932,AZNIEFUIVB2H0,https://gamma-requester.mturk.com/workers/AZNIEFUIVB2H0,2,2,100.00%,0,0,0.00%,0,0,0.00%,,,,,,,,,,,,,,,,,,,,,,,,,,,,,,,,,,,,,,,Never Blocked,,
2933,AZWL5WAILWDHE,https://gamma-requester.mturk.com/workers/AZWL5WAILWDHE,1,1,100.00%,0,0,0.00%,0,0,0.00%,1,,,,,,,,,,,,,,,,100,,,,,,,,0,,0,,,,,,,,,,1,,Never Blocked,,
2934,AZZ2C92JSZ5LZ,https://gamma-requester.mturk.com/workers/AZZ2C92JSZ5LZ,1,1,100.00%,0,0,0.00%,0,0,0.00%,,,,,,,,,,,,,,,1,,,,,,,,,,,,,,,,,,,,,,,,Never Blocked,,